-70.3550
-73.8140
-69.4350
-73.3500
-77.3260
-76.5630
-72.4580
-72.7230
-75.4210
-74.6460
-76.7770
-68.9950
-72.9740
-76.4820
-75.5890
-71.7150
-71.7910
-72.3380
-73.6040
-75.6550
-70.0190
-76.8260
-73.7790
-70.8610
-75.3220
-73.5140
-71.7200
-72.4040
-70.1560
-70.3600
-70.4060
-73.0810
-76.8040
-75.6310
-72.6840
-72.1470
-71.4290
-72.3620
-71.5610
-71.0150
-71.1370
-72.7510
-80.4740
-72.9830
-73.0840
-77.0980
-76.1270
-74.6100
-79.3750
-72.6900
-72.5850
-72.8900
-72.3210
-74.6510
-72.4870
-70.6100
-71.7790
-72.7500
-70.0040
-69.2490
-76.7530
-81.4910
-82.5260
-75.8700
-73.9770
-73.0320
-75.2010
-75.8340
-75.9780
-77.2580
-74.9860
-74.1220
-74.0050
-73.9580
-77.8560
-71.2150
-75.4210
-77.6260
-71.4090
-72.0440
-77.8080
-86.9510
-74.1770
-74.5690
-80.8830
-74.6000
-79.7960
-77.6280
-73.0630
-83.2130
-87.6740
-82.0860
-87.0040
-77.5420
-78.3230
-83.2830
-74.3900
-78.1010
-84.9230
-78.2310
-85.4370
-82.3960
-75.3980
-88.3260
-77.3280
-72.5030
-79.2450
-83.8480
-75.4430
-78.2190
-82.1120
-79.0210
-84.9810
-73.7790
-76.2000
-83.1920
-76.3200
-79.3920
-85.6040
-79.8080
-80.7090
-74.3090
-76.5350
-81.0440
-82.6490
-84.8030
-75.5890
-76.0310
-77.2810
-74.8290
-77.5550
-78.0760
-78.6170
-80.0820
-77.8680
-74.6510
-76.0340
-79.8420
-78.6920
-79.9720
-82.6010
-80.9910
-76.9780
-84.4700
-77.4340
-77.0380
-83.0570
-83.8730
-74.7250
-78.7430
-76.0780
-72.3160
-75.2480
-83.6280
-74.6420
-77.3270
-76.9540
-75.6840
-80.6880
-74.2520
-75.3110
-74.9120
-82.9900
-82.7510
-75.2820
-82.8070
-87.3040
-80.6060
-76.1910
-78.3040
-81.0850
-81.0900
-80.6990
-86.1980
-87.8250
-79.8740
-79.9130
-82.2060
-92.2620
-78.5410
-79.0010
-77.4790
-80.5840
-86.0100
-81.0720
-87.3420
-77.6510
-85.8350
-80.3940
-81.2480
-78.9940
-81.6440
-80.3450
-84.6190
-81.1990
-79.2570
-76.3130
-77.9820
-73.9380
-74.0260
-80.3160
-78.5220
-80.1190
-78.1560
-75.4910
-75.1550
-73.7340
-78.1780
-75.0260
-79.3630
-82.9110
-83.1530
-81.1310
-82.7940
-95.1420
-80.3360
-78.0270
-81.6230
-75.7430
-73.3220
-74.2880
-72.8420
-73.4230
-78.8330
-72.0790
-71.0810
-78.1260
-74.9330
-74.7920
-76.2960
-75.0960
-73.3730
-77.0560
-78.0370
-75.1410
-81.8340
-81.2160
-76.8460
-78.9780
-80.0620
-99.1480
-73.8020
-75.0850
-81.9840
-75.7220
-70.8370
-73.6560
-77.7010
-74.6610
-87.4520
-77.8970
-72.1630
-73.1800
-73.4560
-72.6440
-74.2500
-85.4300
-84.0780
-81.2720
-87.8260
-72.4660
-70.0060
-73.1070
-71.8270
-72.3620
-72.2240
-70.8430
-73.8120
-70.6420
-69.1880
-80.3620
-76.0270
-75.0600
-78.5520
-74.0490
-71.2350
-68.7320
-68.3030
-76.9020
-75.1810
-71.1890
-71.6660
-70.5170
-70.9180
-72.0520
-72.0420
-70.0740
-70.8800
-71.0440
-72.6940
-72.2340
-69.4590
-69.0510
-73.9040
-75.4030
-72.3540
-73.1990
-76.9080
-77.9860
-69.4320
-73.9370
-71.7150
-68.9250
-69.8590
-73.0010
-71.5520
-73.3840
-69.1750
-71.8890
-68.3510
-69.6840
-70.3020
-68.8010
-68.5510
-67.1610
-70.3950
-72.7310
-72.0500
-77.6260
-80.0870
-74.6600
-75.4030
-89.1660
-77.8840
-78.3210
-75.6290
-80.7830
-88.3610
-70.4670
-70.4810
-72.8650
-74.7080
-69.3690
-68.5610
-76.8480
-78.1260
-70.9110
-70.2790
-72.5120
-75.1220
-75.3130
-70.8160
-69.7900
-71.7170
-74.1580
-86.2060
-79.8190
-75.9710
-76.8900
-77.4410
-81.9900
-74.6700
-70.6600
-69.9550
-72.2960
-74.6340
-73.1480
-80.7440
-81.2390
-75.2730
-79.0710
-76.7380
-77.1250
-74.3530
-72.7310
-73.4510
-81.8640
-79.3630
-72.3150
-72.9570
-76.3470
-76.2510
-74.9600
-78.3710
-74.8680
-75.7900
-76.5450
-73.4350
-74.6460
-70.6630
-73.0440
-75.5440
-71.2240
-81.4460
-75.4900
-70.6170
-72.0830
-75.0090
-72.0770
-76.4600
-81.4320
-85.3670
-75.7010
-70.0260
-65.1700
-65.9910
-65.7650
-66.0980
-72.0440
-71.2690
-72.4690
-75.8750
-73.8760
-77.7990
-77.9860
-83.1530
-78.8330
-81.1910
-73.8760
-70.9150
-69.2180
-70.9450
-68.8800
-69.7530
-67.3360
-69.9600
-68.2300
-65.8330
-71.5750
-66.7650
-66.1510
-66.7670
-70.9970
-66.5440
-74.4500
-73.5190
-74.5520
-71.5770
-72.5780
-78.3550
-79.6140
-79.6080
-76.6730
-80.9880
-82.8210
-76.2970
-72.5030
-71.7950
-73.0910
-70.0990
-72.6920
-77.7540
-72.8500
-79.4290
-68.6580
-68.4820
-73.5990
-70.1950
-70.5370
-75.4550
-74.2290
-79.4850
-76.7550
-73.0050
-71.1280
-65.3790
-68.4500
-70.3600
-68.9630
-70.3180
-74.5530
-73.3240
-70.1060
-68.0800
-70.6830
-71.5090
-71.1540
-73.2110
-85.8570
-71.3820
-72.1050
-72.5130
-69.5580
-66.7020
-68.3530
-67.6640
-66.9480
-69.8010
-66.6110
-68.9040
-69.0200
-69.4740
-74.2470
-73.1870
-72.5500
-78.5930
-76.9890
-71.9400
-72.2470
-76.3260
-70.4240
-76.9580
-81.6330
-75.7440
-74.0530
-73.5060
-77.1480
-82.7650
-76.0970
-72.4720
-70.3690
-74.2560
-72.3780
-67.8660
-67.2930
-68.7290
-76.3120
-73.8720
-68.0470
-66.2210
-70.1750
-71.4820
-71.9600
-73.5260
-79.0420
-76.8500
-73.7780
-85.1710
-74.8380
-79.7870
-76.1530
-71.9390
-75.3990
-77.1220
-73.6750
-79.5890
-76.9670
-76.2810
-68.4140
-76.2500
-70.5750
-70.0850
-85.0290
-71.8230
-75.7690
-79.4810
-75.2840
-66.6750
-68.6790
-67.3190
-70.3650
-67.6670
-69.6280
-72.0250
-72.8080
-75.3350
-71.0130
-78.0250
-72.9120
-69.7650
-73.6730
-71.2530
-72.4190
-68.9700
-69.8910
-68.9540
-72.1640
-67.0870
-70.5130
-73.8720
-73.8270
-75.3240
-72.6210
-72.1420
-69.8630
-72.8460
-69.2250
-70.5600
-71.0380
-72.2510
-69.3490
-65.8060
-67.8880
-68.1060
-67.7400
-71.3610
-73.6160
-68.2110
-71.8950
-70.7120
-68.2650
-74.4440
-71.5640
-72.2060
-68.5530
-71.0790
-75.1810
-72.9990
-77.5820
-79.4720
-81.3500
-71.1560
-70.8780
-70.3900
-68.8170
-71.6040
-72.2940
-71.6560
-66.7680
-72.2600
-68.0480
-74.5090
-69.2270
-73.4130
-71.2030
-72.5980
-72.5610
-68.2070
-70.7320
-69.8080
-68.2130
-69.5360
-66.6220
-66.8210
-77.2050
-75.9310
-69.9880
-68.1900
-66.9280
-71.0120
-67.5120
-76.5360
-68.4090
-71.8170
-75.8430
-65.7470
-65.5680
-72.0720
-64.4500
-67.7250
-69.7880
-68.7560
-68.8670
-65.4220
-74.0980
-71.7230
-71.8100
-69.6780
-68.6400
-70.9150
-72.3190
-67.5390
-69.4520
-67.4880
-64.5280
-62.0890
-66.7880
-61.8230
-64.9160
-66.0780
-66.8800
-69.3430
-68.5070
-65.5750
-69.1800
-65.9700
-65.8840
-69.5490
-67.2810
-65.5770
-68.6450
-63.5340
-63.4940
-65.4600
-66.2270
-66.3790
-66.8450
-65.9750
-68.9740
-63.9660
-65.7410
-71.6950
-65.8010
-63.2340
-65.7470
-67.3370
-66.1310
-69.2340
-65.0880
-60.9660
-65.2610
-63.9530
-63.1020
-64.3990
-64.3520
-63.4050
-66.9510
-62.6600
-65.1170
-61.4340
-66.7050
-66.5840
-66.8260
-61.9690
-64.2790
-67.5500
-62.8820
-63.6240
-62.6570
-62.4970
-65.2720
-61.4030
-59.4650
-62.8890
-63.6930
-61.5650
-60.9320
-61.4200
-63.0770
-60.6950
-63.0330
-61.9460
-62.3600
-62.9890
-62.2210
-65.6200
-60.8520
-60.0560
-58.3690
-62.2120
-60.8670
-60.0560
-63.7400
-58.1110
-61.2750
-64.7960
-64.1380
-62.7290
-69.6820
-65.2120
-63.5760
-64.2610
-67.6000
-62.3830
-61.7070
-61.6450
-61.9900
-59.6890
-58.9720
-61.3430
-61.5260
-65.1370
-60.5280
-61.4670
-59.5520
-63.2650
-62.5640
-63.9180
-62.7460
-60.8800
-61.5940
-62.6820
-64.8480
-64.4960
-64.8490
-65.9760
-65.4870
-65.2190
-67.1700
-64.0630
-63.4140
-65.7610
-63.6170
-64.0250
-65.8860
-63.2980
-65.5090
-65.7470
-66.8490
-64.1190
-63.7520
-66.0420
-64.6470
-66.0960
-68.6650
-69.4320
-64.4500
-64.5690
-67.9730
-70.9680
-66.7280
-67.0970
-65.4530
-63.0860
-64.7530
-66.0840
-62.8620
-67.4900
-64.7470
-62.4930
-66.7090
-65.9060
-66.8430
-70.3000
-66.8150
-65.4070
-63.9430
-64.1330
-60.4020
-62.3140
-63.0470
-62.2160
-65.5680
-63.5370
-61.6360
-66.8560
-66.9780
-62.5010
-64.7910
-69.7950
-69.4280
-65.6290
-62.2090
-64.6560
-67.6590
-61.8130
-60.4630
-64.2080
-62.1190
-61.2740
-61.5070
-61.9820
-62.5070
-62.2750
-63.9600
-63.0620
-61.1970
-63.7130
-64.1330
-66.7450
-66.9590
-67.4780
-68.3550
-72.2580
-70.1060
-72.4190
-74.2200
-79.1030
-68.8510
-68.1830
-62.5900
-65.0290
-66.7650
-62.4290
-61.2240
-64.5260
-62.7940
-61.9130
-65.8950
-66.2600
-66.3120
-64.3680
-66.9400
-67.4690
-64.2150
-63.9230
-61.5790
-65.2480
-67.7200
-64.1170
-65.8320
-65.8320
-69.2090
-66.6870
-67.2570
-67.8450
-69.7130
-68.0460
-68.2500
-66.9860
-71.8500
-70.0040
-67.7560
-69.3170
-69.7240
-69.1140
-68.4700
-66.3850
-65.7040
-68.0800
-68.8690
-70.8820
-64.9160
-64.3900
-66.2300
-64.5820
-65.5320
-67.6940
-67.1750
-67.5570
-65.9900
-64.6450
-68.7020
-66.5430
-64.9430
-67.3500
-64.8800
-64.2860
-63.4540
-65.6800
-65.6330
-68.3200
-67.9340
-66.7620
-65.6780
-63.6050
-64.5980
-63.7790
-64.9810
-64.3080
-64.0690
-63.6420
-64.6610
-65.0200
-64.0110
-65.3250
-67.0840
-69.0670
-65.9510
-75.4040
-73.4560
-72.2470
-64.9750
-68.4620
-65.4380
-65.2790
-66.6960
-66.9460
-65.9330
-70.6040
-67.6780
-74.0490
-74.8750
-71.2930
-69.8300
-73.0910
-80.2930
-80.0440
-75.4470
-67.4660
-71.4610
-68.9300
-73.6770
-68.8840
-66.4730
-69.6880
-95.9890
-81.0970
-75.2530
-71.0790
-67.8010
-71.7580
-71.2620
-67.9870
-65.1980
-65.8480
-74.2070
-69.4210
-72.1800
-72.2530
-72.5520
-69.0670
-66.1270
-67.4660
-69.6010
-73.1080
-70.4760
-78.4330
-78.0940
-77.7860
-74.9600
-78.5220
-71.8380
-69.3240
-76.6610
-72.2260
-74.4180
-65.9260
-67.8680
-71.2710
-84.3150
-74.7270
-74.2240
-79.3130
-68.8670
-69.6460
-71.2230
-70.5740
-70.1080
-71.9350
-69.4960
-72.9550
-70.6030
-69.7530
-72.4910
-74.0820
-72.9120
-67.3920
-66.8110
-68.4960
-69.8500
-70.9920
-69.4190
-70.1680
-68.3740
-67.1620
-69.0070
-69.7270
-69.8490
-69.4740
-69.8560
-70.3730
-72.9320
-69.5130
-70.9040
-69.5420
-69.1300
-70.5140
-70.8520
-68.4110
-68.1070
-65.3980
-67.4080
-72.0680
-70.3420
-71.6090
-67.7140
-67.3680
-71.5860
-70.9300
-66.1380
-75.5870
-69.5830
-65.1530
-65.6240
-70.3970
-67.1190
-65.4930
-68.2990
-70.4280
-68.2570
-67.2720
-65.2320
-68.9210
-68.9770
-69.3300
-66.2800
-69.5560
-65.5570
-70.0690
-68.8210
-69.3980
-64.8420
-69.2090
-68.3110
-68.4050
-65.6740
-69.7880
-70.4080
-71.2500
-71.8520
-73.2180
-72.1780
-66.1810
-66.2480
-74.4620
-68.1180
-67.9820
-71.3390
-68.7770
-73.9840
-72.4480
-81.4420
-77.0290
-76.1320
-75.1370
-73.3840
-76.1870
-70.5310
-74.3750
-68.5520
-68.8530
-65.3430
-69.5650
-67.0140
-70.7980
-71.7200
-74.2710
-72.1140
-74.6020
-68.2980
-71.7380
-67.2060
-66.6560
-66.0930
-68.2560
-68.0050
-70.2310
-72.8360
-84.4320
-76.2460
-76.2150
-71.5860
-72.4870
-72.5200
-77.5160
-74.4910
-84.9480
-72.0880
-89.3880
-72.2130
-83.6300
-67.4840
-72.7630
-76.8200
-82.1070
-78.4510
-74.7390
-70.1470
-81.2560
-74.3380
-75.1370
-69.7290
-84.8850
-73.2160
-76.9600
-77.6930
-78.9870
-77.4260
-69.4750
-74.8310
-70.6320
-72.7420
-75.3610
-71.5990
-73.1000
-76.8310
-76.4160
-70.9200
-78.5410
-72.7750
-76.1640
-70.1650
-73.1870
-70.4120
-67.1960
-66.2080
-70.7250
-68.5050
-69.0280
-70.4480
-71.5500
-69.5070
-70.0670
-67.9850
-68.2790
-74.7200
-72.3100
-68.0120
-71.4020
-76.1360
-68.5070
-71.8870
-67.9620
-70.2920
-67.9650
-70.8280
-70.8140
-69.2930
-73.3930
-74.4400
-70.1420
-72.6330
-66.6980
-69.8170
-69.2080
-67.1940
-67.9600
-67.1700
-67.5940
-69.8060
-69.7830
-64.9160
-72.7660
-70.1900
-69.9290
-75.7890
-74.3990
-72.1190
-72.0910
-67.6290
-70.5810
-77.6280
-71.0790
-67.0140
-74.7960
-70.8500
-73.4600
-65.3600
-64.9610
-69.0180
-67.0210
-67.0850
-65.1680
-64.1600
-66.7510
-66.9480
-71.7280
-66.5230
-71.2370
-65.5360
-66.9920
-71.1780
-67.4890
-69.0830
-67.3680
-71.9280
-67.0210
-80.7740
-74.7080
-74.7910
-71.4910
-70.6240
-67.3800
-67.8650
-63.9160
-63.2920
-65.9950
-65.5290
-66.1520
-68.8430
-64.0430
-67.6270
-67.1180
-67.7060
-66.7670
-67.6250
-70.7050
-66.6660
-68.0390
-64.8330
-67.2120
-71.3230
-65.8010
-68.3630
-66.3010
-75.3630
-71.1020
-70.3380
-67.2520
-67.9170
-68.2830
-70.1470
-67.2070
-67.6040
-73.2130
-70.2350
-66.4710
-69.0070
-73.7010
-70.1720
-66.1200
-70.6740
-64.7020
-66.4300
-69.1420
-71.1330
-69.9620
-70.5990
-69.1860
-71.5860
-71.3610
-72.0900
-69.4020
-67.7790
-71.7570
-70.0540
-73.1310
-69.2010
-71.5090
-68.3940
-68.5550
-79.1180
-71.6630
-71.7580
-73.3240
-71.0360
-69.9860
-70.6670
-70.8450
-65.8790
-68.5030
-70.3450
-70.2760
-66.5750
-66.2260
-65.3040
-66.3270
-65.8240
-67.2120
-69.5440
-70.5090
-68.2390
-66.8340
-71.0240
-77.2360
-70.3810
-73.0440
-70.6600
-72.7590
-80.6140
-70.7790
-77.6900
-69.8970
-71.0850
-71.1400
-69.9610
-66.4010
-68.5660
-77.2610
-71.5790
-72.5120
-73.5930
-73.0200
-74.8490
-77.3750
-74.9060
-72.8520
-69.2600
-75.5340
-74.0630
-69.9830
-74.8560
-77.3030
-75.4550
-83.4230
-75.8090
-72.8620
-71.4980
-67.8450
-66.8390
-70.1400
-69.8740
-72.5680
-71.3610
-75.3780
-72.4710
-70.7250
-70.2510
-71.4070
-75.0580
-72.1340
-70.0790
-71.5090
-70.1560
-70.9140
-71.0980
-74.0170
-79.1160
-70.1580
-70.8140
-73.6650
-70.7980
-70.9990
-68.7900
-70.8280
-78.9480
-72.6280
-74.9010
-74.1240
-77.3550
-74.2500
-70.3380
-70.6670
-78.0390
-76.6280
-78.9510
-71.2030
-72.4310
-78.9220
-72.8290
-72.8900
-73.7620
-70.1730
-70.4410
-73.8990
-81.3550
-68.6450
-71.6010
-76.2550
-69.9270
-72.4490
-69.4330
-72.8150
-72.6890
-72.1000
-81.2670
-78.4010
-76.2110
-82.9230
-76.4770
-76.4490
-84.7810
-77.9340
-76.6800
-77.5990
-76.5760
-72.3600
-72.4210
-79.4670
-78.9300
-75.5910
-74.0730
-71.7860
-73.5330
-75.4260
-72.0950
-74.5320
-72.3310
-71.1550
-76.3410
-72.8420
-70.8050
-76.8620
-74.1350
-69.4850
-68.5400
-70.7120
-70.9380
-75.3840
-76.8680
-72.7750
-72.2890
-68.1410
-70.0830
-69.1300
-70.3400
-76.1290
-69.5200
-71.9300
-76.5470
-69.1390
-73.4870
-71.3140
-75.4450
-72.3120
-75.4440
-70.3550
-68.7030
-86.3080
-71.3440
-69.4130
-73.2590
-71.0130
-71.2820
-72.6260
-70.2740
-69.4570
-70.7530
-70.5100
-72.1530
-72.3830
-69.4050
-75.2730
-78.4450
-69.8970
-71.8730
-80.2360
-76.5110
-71.1280
-72.5100
-72.0950
-71.9400
-74.2200
-71.4550
-72.9930
-75.8750
-72.2030
-70.9670
-66.6440
-69.4880
-76.4860
-71.0250
-69.2920
-72.5900
-71.1540
-72.3770
-73.8080
-71.5660
-73.5650
-74.9610
-78.9650
-69.1730
-80.7390
-74.2520
-74.9540
-68.9340
-75.4930
-72.2580
-71.1580
-74.9440
-70.0010
-70.0280
-74.7270
-88.5650
-69.6120
-70.6960
-75.1990
-69.5940
-68.6290
-69.8940
-70.9300
-72.7070
-81.1590
-83.4090
-71.5900
-70.5200
-81.1560
-73.6310
-70.6330
-71.0740
-70.9790
-73.9320
-71.1620
-73.4980
-71.0780
-67.6940
-74.6530
-70.7550
-92.1820
-67.9580
-66.1830
-74.0120
-69.8330
-68.6620
-69.7070
-71.3360
-69.8060
-72.0850
-76.3200
-70.6670
-71.6960
-72.3620
-72.5640
-73.3450
-70.3840
-68.6200
-69.8630
-69.8490
-70.1920
-67.7610
-66.1450
-69.0880
-69.0520
-70.7460
-68.4830
-69.6640
-69.7600
-69.1440
-68.1450
-69.8790
-71.4000
-68.4790
-72.0120
-70.1710
-68.0550
-70.3670
-67.4300
-67.0440
-71.5230
-69.6780
-76.0780
-74.1940
-69.4110
-67.5520
-71.8950
-71.1760
-66.7970
-71.0920
-73.1320
-64.9630
-67.6250
-74.3310
-73.7470
-74.9310
-71.3090
-69.4790
-67.7360
-68.7510
-67.5770
-69.8520
-66.6420
-66.7050
-78.2100
-68.2360
-66.0750
-70.9490
-67.8620
-67.3130
-76.8950
-70.3900
-66.0780
-73.6420
-65.4460
-65.2160
-71.2350
-69.6140
-67.9060
-66.6380
-65.5520
-66.1380
-68.1850
-68.1840
-66.4410
-65.9360
-67.5010
-63.7960
-65.9220
-66.0980
-63.7410
-63.9070
-74.6790
-70.7960
-66.7710
-68.1180
-69.3730
-65.3010
-66.4170
-68.6010
-68.4810
-69.2790
-68.1350
-68.1910
-67.4880
-67.1310
-66.3450
-67.8240
-69.6370
-70.3670
-69.3600
-73.1130
-78.0800
-80.2760
-70.4630
-68.5590
-70.0670
-69.8400
-68.1300
-65.2790
-66.7720
-69.8400
-66.2480
-65.0660
-66.3560
-65.9730
-66.5150
-67.0010
-62.9300
-63.0090
-66.3810
-66.3940
-64.2620
-64.4700
-67.1660
-65.8930
-69.3980
-66.4040
-68.4030
-68.9750
-64.1000
-65.1680
-69.1880
-72.5690
-68.4840
-71.6250
-78.2790
-75.3100
-70.5140
-73.7790
-70.2610
-73.4540
-66.3290
-68.9300
-70.0060
-65.6600
-66.7810
-68.2240
-65.0760
-69.6690
-71.3430
-68.2880
-67.6550
-70.2740
-70.5650
-73.4800
-72.1280
-71.7380
-68.4260
-69.3120
-72.8970
-71.8290
-68.4220
-67.6910
-66.2740
-66.3360
-68.1790
-67.5620
-66.5770
-68.4330
-70.8910
-68.1070
-63.9250
-67.0360
-68.3440
-65.2160
-69.3320
-70.4630
-66.1230
-65.7020
-68.9970
-67.4730
-65.3040
-67.9330
-66.3010
-64.6720
-65.4640
-65.8550
-69.1590
-66.0870
-66.6220
-68.1590
-69.7660
-68.5530
-67.0910
-68.4390
-66.3320
-66.2740
-72.1420
-69.4590
-67.2770
-70.1840
-69.3430
-68.7250
-67.7820
-66.2320
-65.5290
-67.5460
-66.1000
-66.4840
-66.3500
-66.0390
-68.3190
-68.5570
-69.2340
-70.9770
-71.0850
-68.7930
-66.5700
-71.0490
-72.9010
-68.8840
-68.8460
-69.2140
-67.5150
-67.9010
-69.0150
-65.8010
-65.6970
-65.1680
-65.8440
-66.9050
-66.2080
-75.7180
-71.9120
-66.5530
-68.7470
-70.1120
-67.2120
-71.5980
-75.0760
-74.3960
-73.9140
-68.9070
-70.1530
-70.2320
-68.3650
-67.4490
-65.8950
-68.7320
-69.3930
-68.8560
-71.7530
-71.9840
-70.6080
-70.0500
-72.4940
-71.5550
-71.1520
-70.7410
-69.2270
-73.8480
-68.0450
-72.5960
-72.8730
-71.8280
-72.1930
-74.4680
-74.0170
-69.4170
-73.6160
-69.6970
-68.0710
-73.0360
-68.5210
-70.3690
-73.1520
-72.3620
-71.5050
-68.4400
-70.1560
-72.0070
-68.4090
-71.4050
-72.7730
-68.9140
-69.1300
-68.1410
-69.5670
-70.0850
-69.0940
-67.1810
-71.4880
-67.5390
-74.4670
-74.3350
-68.2520
-73.2320
-75.9660
-72.4260
-75.1800
-69.7930
-68.3670
-70.6210
-70.1170
-73.8650
-75.0350
-74.4600
-74.3950
-78.4270
-75.7700
-80.5320
-77.3700
-67.7320
-70.9170
-74.4740
-67.4050
-68.9890
-70.4670
-69.3630
-69.4540
-67.6000
-70.5400
-72.5710
-70.1700
-72.8120
-72.7250
-70.3060
-70.6210
-79.5050
-76.6520
-72.7840
-74.1550
-69.9000
-71.2580
-74.4010
-67.6940
-67.7840
-68.8870
-70.3050
-69.9600
-70.2240
-69.3510
-68.3900
-68.6600
-69.8260
-66.1610
-66.5200
-71.4450
-70.4010
-72.3260
-72.2450
-74.0710
-70.5080
-70.2880
-73.5040
-71.2660
-69.9990
-69.8520
-72.4540
-70.7940
-69.2520
-71.0080
-67.7970
-74.3350
-74.1350
-67.4850
-70.1290
-67.6480
-71.0740
-68.6270
-66.1870
-68.5030
-70.4390
-66.2780
-65.4690
-69.5470
-72.5150
-68.1370
-68.5530
-66.8910
-65.6110
-68.6650
-70.4510
-71.8700
-67.6430
-66.6660
-66.2780
-66.6240
-66.3430
-66.6840
-68.8670
-69.6470
-70.0040
-64.4790
-67.3470
-68.1950
-68.9540
-65.7740
-65.8030
-66.3030
-65.5300
-64.6290
-64.2840
-66.6460
-64.1330
-65.4710
-66.2420
-66.9050
-66.0330
-66.2850
-67.1210
-67.1520
-69.6620
-68.4240
-72.0440
-68.2360
-67.4310
-68.5450
-67.0580
-67.5180
-66.8580
-66.8610
-68.7030
-66.0980
-68.6160
-65.7610
-68.0320
-64.2620
-66.5680
-66.4710
-67.6910
-63.4680
-65.3160
-65.1990
-67.5370
-64.9390
-68.2170
-65.3310
-65.3340
-65.6840
-66.4750
-67.1900
-66.8260
-71.2190
-69.4070
-65.8820
-66.9040
-68.2990
-68.5950
-67.4670
-66.9140
-65.5430
-66.4710
-65.6130
-69.7020
-68.8320
-69.8970
-67.7270
-67.0080
-66.1510
-67.7920
-67.1260
-66.5750
-66.3430
-69.7450
-65.7740
-66.3720
-67.5030
-66.2900
-67.7470
-66.0750
-68.3040
-65.8840
-65.9350
-67.3310
-68.3690
-65.5510
-68.4260
-67.3380
-67.5540
-65.5800
-68.0930
-66.4370
-68.8840
-69.0220
-67.2080
-66.2010
-64.8510
-67.1240
-65.8880
-65.4280
-67.7150
-68.5930
-71.3960
-67.2130
-71.0740
-67.2470
-64.8120
-65.5800
-64.3750
-63.4070
-66.6330
-69.5420
-66.0690
-68.8340
-66.8420
-64.7850
-66.5210
-64.9200
-65.4690
-64.5170
-64.5850
-67.8920
-65.1910
-65.9880
-64.8820
-65.8260
-65.0570
-67.0440
-67.4710
-67.2900
-69.6550
-66.0170
-67.8740
-68.1480
-70.6420
-67.3350
-72.2730
-68.2590
-68.3310
-68.2980
-65.4710
-63.4900
-64.4270
-65.4290
-66.9690
-65.4930
-66.9870
-66.6220
-67.4410
-65.2010
-64.3970
-67.6500
-66.0110
-67.1540
-67.4850
-68.2850
-66.2450
-65.7900
-65.4640
-66.3520
-63.7990
-65.6420
-64.0270
-64.1510
-61.7490
-61.3760
-63.9550
-63.0800
-64.0000
-63.5200
-64.8480
-66.9020
-66.6420
-66.3250
-66.7970
-65.0000
-64.6520
-66.2010
-64.9340
-62.3000
-63.4090
-62.3090
-66.1200
-63.5120
-62.5090
-65.3450
-63.7740
-62.0540
-63.2130
-66.8990
-63.6000
-67.7410
-66.9060
-64.4760
-64.6670
-65.9060
-64.6180
-60.9990
-67.8650
-63.9470
-64.3460
-66.7860
-65.3940
-64.8550
-66.6420
-65.2120
-63.7500
-64.1600
-66.8540
-66.3300
-68.9590
-66.9420
-65.8100
-64.8590
-64.8300
-64.4900
-63.6720
-66.7970
-65.0990
-65.6350
-65.9450
-67.3780
-68.0230
-65.1280
-65.5410
-64.2420
-65.4930
-64.9360
-63.5600
-64.0110
-65.8860
-63.5780
-64.1190
-64.5370
-65.0280
-64.0690
-64.0130
-66.1600
-66.4120
-64.8980
-64.0360
-63.9000
-63.0310
-63.0430
-63.1760
-66.4500
-69.0150
-67.3370
-65.2120
-66.6870
-66.5640
-68.2560
-66.9460
-66.1600
-66.7930
-67.7990
-69.8430
-67.2190
-65.1900
-64.9200
-63.0370
-62.9480
-63.1900
-65.2470
-68.3330
-63.7760
-64.6210
-68.2370
-70.8460
-67.8950
-63.5350
-68.5140
-68.4310
-65.3430
-66.1130
-71.0290
-69.2310
-68.2810
-70.6700
-68.2270
-66.3000
-70.5920
-66.5280
-69.9160
-67.1620
-66.0000
-71.2670
-64.6690
-67.4270
-68.2240
-68.4010
-65.6600
-64.4500
-71.0920
-75.6710
-66.7900
-67.9170
-71.7040
-67.2410
-69.6420
-69.4480
-68.3190
-73.1980
-67.4480
-69.2990
-72.4580
-67.6670
-68.2270
-68.8710
-68.5910
-66.6800
-66.3720
-68.7110
-67.6670
-70.2870
-69.7040
-67.6830
-70.7070
-73.3370
-70.3200
-73.9130
-72.6520
-72.6730
-75.7820
-73.6790
-75.8850
-70.7390
-70.1470
-73.9860
-70.2780
-69.8970
-69.8290
-70.5460
-73.2740
-69.6120
-69.8580
-74.6270
-69.4550
-73.7140
-74.7200
-70.3550
-73.0980
-71.0600
-73.1190
-77.7330
-71.2450
-72.9510
-75.0530
-72.8800
-73.4570
-73.8960
-75.3780
-72.8680
-72.6660
-73.0590
-76.9980
-75.5270
-73.4390
-75.9670
-74.7910
-70.5380
-72.2470
-73.3020
-73.5640
-73.2020
-69.5510
-70.2960
-72.1630
-68.7530
-77.5820
-74.6830
-74.0970
-73.7550
-75.0710
-73.6760
-69.9260
-72.6560
-72.9390
-71.5250
-68.8750
-73.6540
-70.9730
-71.1670
-69.7710
-69.1860
-69.8430
-67.2030
-68.2370
-69.5000
-67.0230
-68.6660
-70.2320
-68.8730
-68.9520
-68.3150
-69.8240
-70.0870
-73.0230
-70.9450
-71.8160
-73.2090
-74.6130
-71.8720
-70.6490
-72.9130
-72.3890
-71.3750
-73.4700
-73.4120
-69.1900
-69.2580
-73.7670
-72.0050
-68.6600
-70.1740
-70.4520
-69.6360
-68.9450
-69.1390
-69.3490
-69.9700
-67.5990
-66.9440
-68.6570
-70.5400
-70.0500
-65.6630
-67.0820
-72.4600
-68.3780
-71.0250
-68.5180
-70.0010
-74.1810
-74.5060
-70.7190
-71.5960
-69.7950
-69.6250
-73.7550
-72.5520
-71.1510
-68.3690
-66.7050
-69.5250
-67.1270
-67.0120
-71.0880
-67.7990
-69.3080
-69.8790
-69.7360
-68.9230
-68.6720
-70.6120
-69.9580
-70.3690
-70.8390
-69.2410
-70.0040
-70.6390
-70.6630
-72.6470
-68.9300
-67.6290
-65.9510
-69.9770
-68.2720
-65.8010
-67.9530
-67.4750
-65.1980
-65.6160
-67.3710
-67.0450
-64.6520
-66.0470
-68.2850
-65.1030
-65.8790
-69.4640
-68.7950
-68.5290
-67.1610
-66.5950
-67.4820
-66.5180
-66.7480
-68.1340
-66.2450
-65.7450
-67.1750
-64.8800
-65.0460
-66.0470
-65.5200
-67.4660
-67.4710
-65.7130
-65.7180
-65.0900
-67.3780
-68.5450
-66.1780
-68.5710
-65.7850
-65.6450
-66.8520
-66.3090
-66.7020
-64.8080
-65.3040
-63.9380
-65.8060
-66.5280
-67.0310
-67.8690
-67.2510
-69.2690
-68.7270
-68.5010
-68.8510
-66.1200
-65.4460
-67.4390
-67.7710
-64.6340
-65.9640
-66.5170
-67.6520
-70.7370
-66.2010
-67.5770
-67.5340
-65.1750
-66.3940
-66.8450
-68.2470
-67.7860
-67.0590
-65.5770
-65.3960
-69.2860
-68.3330
-68.1190
-71.1370
-65.5120
-68.6840
-68.6920
-65.8690
-69.3980
-67.6220
-68.1260
-67.6570
-66.7500
-67.8430
-70.4490
-71.0940
-69.1140
-70.1220
-66.5750
-73.2090
-68.4050
-67.6520
-67.8220
-64.8590
-67.3110
-65.9510
-70.0920
-66.9750
-65.9330
-68.0240
-66.1740
-66.3760
-69.0290
-69.8340
-67.4900
-74.3670
-70.4700
-66.7310
-69.9720
-69.4440
-69.4110
-69.6770
-69.3960
-66.5880
-67.8840
-69.7440
-67.9780
-67.9850
-65.6200
-67.3600
-67.1660
-66.6780
-67.4320
-64.9750
-64.6020
-65.3720
-65.4450
-66.5660
-68.7970
-66.5790
-63.7310
-66.4570
-67.3990
-64.5570
-66.0130
-64.0400
-66.7680
-67.3440
-68.3220
-67.8840
-66.3480
-69.0260
-63.6300
-67.7640
-66.0980
-65.5910
-69.7510
-64.8890
-70.5990
-66.8880
-65.7630
-69.4630
-66.8580
-65.0900
-65.8500
-65.7810
-65.2790
-65.0770
-66.3660
-66.2270
-66.6480
-66.5350
-66.0060
-66.5840
-68.1860
-68.7270
-67.7930
-65.4260
-68.0930
-66.5230
-65.9130
-69.2290
-67.8600
-67.3410
-70.9380
-68.2760
-67.0510
-67.8250
-68.4550
-67.6230
-64.9620
-66.7050
-69.5250
-66.2510
-67.8190
-68.2390
-66.9710
-66.5300
-71.0990
-69.3120
-68.6180
-68.7770
-66.4300
-68.1370
-67.6660
-64.2210
-65.5680
-69.0960
-65.5750
-66.2690
-68.5290
-69.7420
-65.9710
-66.6620
-67.5080
-66.8760
-67.5730
-66.7070
-65.9550
-66.7880
-64.7440
-65.5750
-67.9800
-64.8550
-66.0110
-65.1770
-66.5020
-68.4080
-63.2430
-66.4330
-68.5960
-66.0840
-69.9220
-70.3180
-66.5680
-69.8900
-67.5570
-68.0150
-65.9910
-64.9880
-68.8320
-66.0400
-65.6900
-66.2070
-64.7220
-65.6360
-68.5880
-66.7240
-66.5370
-67.6870
-66.2710
-67.5110
-65.7520
-66.5950
-70.8950
-67.3770
-67.0820
-67.7450
-68.2870
-67.6490
-67.0370
-66.3270
-71.1710
-77.0560
-74.7040
-73.2650
-70.2940
-70.1900
-72.2790
-76.9420
-74.7040
-70.2830
-71.5500
-69.0240
-68.0980
-67.3000
-69.6840
-68.7040
-67.6830
-66.7320
-69.5250
-69.0150
-66.0280
-70.2410
-68.6140
-67.5480
-69.0940
-69.0880
-70.4870
-68.7200
-76.2900
-71.6700
-67.1360
-69.8780
-68.6140
-68.4100
-67.5540
-67.5390
-68.1430
-68.4510
-68.3010
-68.0910
-68.1570
-66.3140
-70.0040
-67.4460
-68.5290
-70.0880
-68.1630
-69.6950
-65.1040
-65.9910
-71.5180
-67.0210
-67.3190
-67.3650
-68.6180
-67.4040
-67.2430
-68.8170
-65.8700
-65.3870
-70.2210
-66.4280
-69.2120
-71.5270
-69.4570
-72.9200
-70.2320
-68.3990
-70.1180
-68.3260
-69.7080
-71.1300
-68.7340
-69.9600
-69.6600
-68.5230
-68.8370
-68.5960
-70.1180
-71.4140
-70.3690
-70.5950
-68.9120
-70.8000
-73.9340
-70.1560
-71.1710
-69.0900
-68.4530
-75.6200
-69.7650
-70.0850
-69.4050
-75.2820
-71.2410
-71.8930
-75.4230
-70.2170
-73.0730
-70.8590
-68.9090
-71.7120
-69.4330
-70.2790
-78.1040
-68.1370
-68.2280
-74.3260
-70.2340
-72.1720
-71.3390
-71.2970
-70.2100
-73.1250
-71.1490
-69.0060
-70.3180
-70.0650
-69.5000
-66.4700
-68.5810
-71.6970
-69.8920
-67.7920
-70.5970
-72.4130
-73.5500
-69.8520
-71.5410
-68.9210
-68.2900
-73.0670
-70.5330
-70.7710
-74.0360
-69.3650
-70.3000
-69.8100
-73.0220
-73.6390
-68.7420
-73.2530
-71.3320
-68.3190
-70.8160
-70.1670
-70.0670
-70.7120
-69.9270
-68.2760
-71.5930
-76.9780
-70.9430
-69.2470
-68.3090
-69.1480
-66.7710
-68.6660
-71.2040
-66.5330
-69.2780
-66.5020
-64.4330
-69.0540
-67.1390
-70.6320
-71.0850
-64.9880
-70.5510
-66.4700
-67.6940
-72.3800
-67.2260
-68.4080
-68.9820
-69.3300
-68.3420
-66.9910
-71.8080
-68.5820
-67.2270
-69.4540
-71.7060
-67.7140
-68.8710
-71.2240
-67.9120
-72.2880
-72.3360
-68.4070
-72.3310
-72.3530
-69.3350
-68.4090
-71.6990
-68.8210
-68.5440
-69.9330
-68.5510
-66.5180
-65.1230
-67.2000
-70.9450
-72.1610
-70.2010
-66.1380
-68.2560
-68.7200
-67.2490
-68.2060
-67.1400
-67.5350
-66.4120
-65.5930
-67.9150
-68.7900
-69.2430
-70.5350
-66.9750
-68.5340
-70.2560
-68.5120
-68.6160
-67.9980
-68.8240
-68.5510
-69.1600
-68.6340
-69.7640
-69.2750
-71.3100
-70.1560
-70.2260
-71.0330
-66.8760
-68.2770
-67.4890
-67.6710
-72.8690
-69.6690
-70.9700
-69.7380
-68.1450
-67.9400
-66.4820
-68.9540
-67.1820
-66.1740
-65.5750
-67.4760
-70.2410
-64.6450
-66.3250
-70.9650
-68.0820
-68.5000
-65.6180
-68.0930
-68.2880
-70.1440
-72.5580
-70.4940
-74.5850
-69.7060
-69.7650
-72.3970
-68.1170
-69.6120
-71.1330
-69.6560
-69.2210
-69.5490
-70.6170
-69.0430
-70.8990
-70.9060
-72.0910
-70.5970
-68.0960
-70.3130
-69.0610
-69.7400
-71.4390
-70.6600
-72.9780
-71.0150
-69.7220
-68.8210
-68.9830
-68.0190
-68.4870
-68.3780
-68.2470
-69.8490
-68.6930
-70.4580
-69.3150
-69.3210
-65.3690
-64.8150
-70.1750
-69.9160
-69.3430
-68.6180
-69.2040
-70.9290
-66.0290
-68.0890
-69.6840
-67.4670
-70.3600
-73.8760
-69.7770
-71.7610
-71.9570
-67.7560
-70.1950
-71.6000
-69.4750
-71.7270
-73.2930
-68.5910
-72.5590
-71.3620
-68.5000
-68.6000
-68.8450
-71.6770
-72.8900
-71.0960
-69.8580
-69.1970
-69.8130
-72.5940
-69.5470
-66.9730
-69.0150
-70.9630
-68.8890
-69.5880
-71.3390
-69.8790
-70.8970
-72.3560
-68.5430
-68.5510
-69.9220
-71.8100
-71.2840
-71.2000
-72.8360
-72.2750
-70.7180
-71.4800
-72.7080
-70.7980
-69.4000
-70.8710
-72.2380
-70.4810
-70.7800
-73.9930
-71.3420
-73.0800
-79.9950
-72.1820
-71.4460
-82.0260
-76.0970
-71.5880
-75.2280
-76.1250
-73.9050
-73.6910
-76.1950
-73.9550
-72.0310
-72.1730
-73.2840
-74.9220
-75.8220
-77.3320
-78.4560
-74.5120
-75.7480
-78.4760
-80.3660
-76.4580
-79.4150
-80.7470
-74.1810
-77.3530
-83.2420
-75.2220
-75.5520
-76.4300
-74.5760
-76.3350
-81.6580
-76.8460
-77.6700
-79.8410
-78.4510
-80.3900
-77.1740
-77.2010
-76.0480
-84.0490
-78.0020
-75.5850
-78.6750
-79.2630
-75.0260
-77.1720
-80.5070
-83.4630
-97.0360
-84.7540
-76.8260
-95.1130
-82.8620
-79.8880
-76.4390
-74.9610
-74.1890
-79.6050
-74.3970
-74.2680
-75.0720
-75.2080
-77.7880
-75.0290
-78.6230
-76.5690
-75.2660
-75.4120
-72.8460
-76.7800
-76.4220
-75.1350
-79.5600
-77.9670
-78.8670
-78.1330
-73.7230
-76.6090
-77.2960
-74.7450
-75.5490
-75.2880
-79.4690
-74.8050
-77.1220
-78.9220
-76.2730
-78.8630
-78.7100
-77.2580
-74.4540
-74.3170
-77.3500
-82.0910
-79.2590
-76.7800
-83.1610
-81.9850
-81.7510
-85.6980
-83.6780
-79.8660
-82.9810
-80.9970
-74.9190
-74.5960
-76.0480
-74.8740
-77.3840
-77.8080
-73.6380
-77.5550
-74.4730
-75.4040
-77.5990
-76.9140
-82.4560
-77.4210
-82.0310
-79.0100
-83.0290
-82.8360
-74.9990
-81.7730
-75.8730
-75.7590
-77.3290
-75.6680
-76.2150
-78.0160
-76.8950
-75.2710
-80.7520
-77.9350
-74.8090
-77.1370
-74.8970
-74.2730
-77.0420
-75.0730
-75.3590
-79.2430
-77.3520
-82.0330
-77.6060
-82.4520
-76.8260
-75.6250
-79.9380
-73.6730
-72.6460
-85.7550
-77.1650
-73.1380
-74.9350
-74.7270
-72.2270
-72.6310
-71.9040
-71.6990
-74.7500
-71.9790
-72.3130
-76.2040
-74.9460
-72.6240
-73.8510
-73.3460
-71.9320
-77.2030
-73.3490
-70.1650
-74.5850
-75.7870
-78.4970
-75.8790
-71.8020
-76.9760
-78.7930
-74.4440
-78.5720
-81.2530
-75.8430
-72.6010
-73.5910
-74.6690
-71.6960
-71.2260
-72.0720
-74.2960
-73.3910
-71.1800
-74.9910
-76.1690
-72.3870
-76.2300
-74.4690
-72.2880
-75.6840
-71.5960
-75.2510
-75.6660
-71.9810
-73.9820
-74.4310
-73.5660
-74.1600
-73.9340
-73.6540
-72.8970
-75.8760
-73.9140
-74.8910
-76.3630
-71.5530
-72.6050
-73.1750
-74.9510
-74.9210
-71.5290
-72.7820
-74.7820
-74.0810
-73.4360
-73.6330
-75.1940
-74.9670
-71.3390
-71.2870
-76.9600
-73.6120
-72.4670
-74.4010
-75.0970
-72.7750
-71.1330
-73.7630
-76.5510
-79.3600
-71.8140
-70.7480
-71.8730
-72.5030
-78.6460
-72.7890
-74.8910
-86.8140
-71.5620
-71.0330
-71.7230
-71.6020
-73.3220
-76.3440
-76.3980
-69.2340
-72.6990
-78.4670
-72.7350
-74.3030
-73.9740
-82.6420
-75.1900
-73.0420
-77.3460
-75.6250
-74.5930
-71.8840
-73.3270
-81.7720
-74.0510
-75.0620
-77.1280
-76.7330
-73.5230
-73.3690
-75.0940
-76.9490
-74.8820
-73.5420
-72.9980
-76.3040
-74.6080
-73.9190
-75.1060
-77.1220
-74.4620
-73.0870
-75.4030
-76.0100
-78.7860
-76.1610
-75.2620
-74.4920
-73.7820
-72.7370
-72.4980
-76.8300
-74.9210
-74.9240
-76.8260
-79.1870
-79.1140
-80.0940
-79.8250
-75.9480
-76.8840
-82.6150
-87.3020
-91.1710
-88.3560
-81.1990
-77.4550
-76.0590
-82.1040
-78.6020
-73.7630
-74.2260
-80.7980
-79.9360
-75.3960
-75.4600
-73.9930
-74.1890
-77.9370
-76.4090
-76.4300
-72.6490
-76.5410
-80.0870
-76.6660
-74.7640
-74.3530
-74.0090
-76.4020
-75.0130
-76.6890
-78.6540
-75.7660
-76.1160
-76.0200
-77.1920
-73.3070
-75.0230
-74.7780
-72.1830
-70.6390
-71.7420
-73.3820
-75.1040
-70.4150
-73.6070
-74.7670
-73.7760
-73.0140
-73.9390
-79.3380
-76.7780
-75.1160
-71.7860
-75.1370
-75.5800
-74.9520
-72.9650
-73.5520
-75.5560
-71.6520
-74.7470
-74.7410
-73.1770
-72.5160
-72.1380
-75.4680
-75.0770
-72.2910
-74.9880
-77.2340
-77.5600
-77.5230
-76.2730
-77.0290
-77.2340
-72.4750
-72.6430
-74.7690
-74.3950
-72.9040
-73.0020
-75.0710
-75.7190
-78.9280
-73.4420
-74.6230
-77.1680
-74.5510
-75.9380
-79.8250
-78.5210
-74.4010
-74.8830
-78.2740
-80.6210
-79.7210
-80.6760
-86.5130
-79.8460
-77.5670
-77.1250
-75.8940
-77.4300
-82.5000
-75.1180
-80.9130
-74.1370
-78.7630
-79.9290
-73.1720
-74.2000
-84.1020
-76.0620
-74.5310
-79.1290
-74.9790
-72.2630
-74.4590
-74.6040
-74.3530
-75.8330
-72.3700
-71.4550
-74.8270
-74.2450
-73.2110
-71.8420
-75.1410
-78.7610
-72.7720
-71.9860
-73.6380
-73.7640
-71.2900
-75.0440
-78.3940
-72.1380
-71.2620
-73.6580
-72.2920
-74.4460
-75.7310
-74.1390
-73.9390
-75.0120
-75.8980
-72.6690
-74.0120
-72.3210
-71.4360
-72.7990
-70.1350
-72.8380
-72.7440
-70.6240
-73.3250
-73.4190
-73.7140
-70.9680
-74.3770
-71.1910
-71.3620
-71.8310
-72.8730
-73.1320
-70.6440
-72.3790
-73.4100
-72.4770
-72.3580
-72.1620
-74.6620
-73.7000
-75.5130
-71.7580
-72.2680
-74.0170
-71.9060
-70.6580
-72.2930
-72.3590
-71.3250
-73.6910
-75.0770
-78.3250
-74.9560
-74.6650
-77.9910
-73.2720
-73.6690
-74.8220
-72.5810
-74.6590
-71.0580
-72.3090
-75.8410
-75.3930
-74.1630
-73.1360
-75.1450
-77.8590
-75.9400
-75.3560
-77.4010
-77.5100
-76.5580
-75.2300
-76.0340
-74.0470
-79.7980
-72.9540
-71.9300
-72.6880
-79.3930
-75.2060
-72.6770
-73.7680
-74.0330
-73.2910
-72.9880
-75.2210
-73.0170
-74.8250
-72.6270
-72.3090
-75.5160
-76.3130
-76.1790
-74.5960
-73.6200
-73.3290
-74.7920
-75.7560
-75.7200
-74.9840
-76.2480
-75.5780
-72.8640
-72.8250
-74.7910
-74.5970
-74.2200
-73.7810
-73.6610
-73.8680
-79.0260
-75.0490
-74.6950
-74.6130
-75.1640
-72.8350
-71.7840
-73.5970
-72.0810
-72.6160
-76.5990
-77.0780
-74.3550
-77.1500
-76.8200
-76.2750
-75.5020
-76.9020
-75.7750
-76.5350
-78.0820
-75.5820
-76.5400
-78.0910
-78.4100
-76.2920
-78.0480
-78.6500
-78.0890
-75.9440
-78.0280
-76.1250
-75.6120
-79.7230
-77.3950
-74.5690
-76.4930
-78.5630
-77.1610
-76.1000
-76.1040
-77.6910
-76.6230
-76.1170
-77.7600
-76.4160
-74.6860
-74.8940
-76.8590
-75.4900
-76.4960
-75.8910
-76.2040
-74.3410
-75.1150
-73.1020
-75.6410
-79.9960
-78.4770
-78.4880
-77.4280
-74.3670
-80.3550
-79.6750
-75.3630
-75.7670
-78.8090
-78.1310
-77.8860
-78.0630
-76.8170
-76.1870
-76.7150
-78.9040
-76.3450
-75.6600
-78.8590
-80.0480
-78.3530
-78.4380
-80.6990
-76.9850
-74.4650
-77.9840
-75.6340
-81.5100
-80.6310
-80.5430
-80.5530
-79.7050
-77.6040
-79.1770
-78.3130
-75.4320
-77.1900
-82.6500
-80.0340
-82.9020
-79.0980
-76.3980
-77.2610
-75.5110
-81.6770
-80.4600
-80.3990
-88.1830
-84.6530
-82.9770
-83.5150
-81.1650
-79.2330
-78.4280
-80.5490
-80.8490
-81.1560
-87.6730
-90.8060
-84.0110
-80.7630
-83.3100
-81.8990
-76.7240
-77.4030
-79.3920
-80.9380
-78.7660
-77.1280
-78.5670
-87.3750
-87.5840
-82.0150
-79.5530
-77.7770
-79.4850
-77.5640
-82.5900
-84.2270
-80.4750
-78.2290
-79.5850
-77.7380
-80.0510
-81.7040
-78.3140
-80.2300
-79.0450
-80.3400
-78.3360
-77.2600
-77.8880
-81.4930
-83.2350
-78.4360
-75.4770
-77.6570
-78.3000
-77.6510
-76.9270
-78.4650
-79.0410
-82.7110
-81.7440
-78.6070
-81.1280
-80.6020
-79.7480
-77.2520
-78.0100
-87.4370
-81.0070
-79.6510
-78.4330
-77.6060
-78.4290
-80.4750
-76.0680
-74.8420
-75.9080
-78.3590
-76.9120
-76.7310
-78.3440
-79.5600
-82.2710
-80.0160
-79.0490
-77.9290
-80.4400
-83.3940
-80.1550
-77.8640
-78.7930
-82.3840
-87.4280
-77.7740
-78.0500
-80.4580
-81.0300
-84.8350
-79.3790
-82.1050
-81.8360
-83.9280
-86.4260
-87.5230
-83.4250
-78.9260
-83.2990
-82.1300
-81.3090
-81.5430
-82.9880
-83.5440
-81.6600
-79.4880
-82.8160
-83.8030
-79.2090
-76.0620
-79.5100
-77.4610
-77.9160
-77.4790
-79.9630
-76.8220
-80.5660
-76.7350
-77.4210
-78.3920
-84.3170
-79.0990
-80.3990
-78.2170
-82.8530
-84.7660
-88.5660
-80.7750
-83.7150
-77.8050
-77.5660
-82.9340
-81.5140
-77.2500
-78.7200
-78.8650
-76.9320
-78.6250
-76.5810
-80.7710
-81.4910
-82.2350
-81.6020
-78.6780
-79.0190
-77.0580
-80.6760
-85.7450
-83.2350
-82.0980
-85.4750
-92.4900
-86.2690
-83.6390
-81.5960
-81.7540
-83.2590
-85.0170
-87.4920
-85.0900
-82.9020
-85.2890
-86.3100
-88.6510
-87.6800
-87.4510
-83.1660
-83.5720
-80.2590
-85.3400
-84.2430
-84.4050
-88.0280
-94.1710
-98.5650
-84.0450
-92.7250
-84.0420
-84.7230
-85.0940
-85.6210
-87.7220
-82.0590
-81.8340
-82.2340
-83.0200
-85.3020
-79.6170
-79.0320
-78.7490
-80.4950
-84.9950
-81.1270
-80.8490
-79.5390
-80.6080
-82.9320
-78.5950
-80.0820
-77.9530
-77.8820
-84.2990
-80.1870
-82.9660
-76.2560
-76.2290
-78.8940
-79.2910
-80.8900
-81.9580
-77.8240
-76.3830
-77.5780
-79.1850
-84.9260
-78.4850
-80.6780
-76.6680
-80.9850
-82.2260
-83.0060
-87.0500
-82.3280
-80.6140
-82.7020
-84.9000
-79.8440
-84.3940
-79.1610
-81.9400
-79.7020
-82.2940
-89.7170
-83.9230
-86.4630
-80.6780
-87.9630
-94.0110
-94.2980
-86.6200
-81.8500
-87.0330
-83.3550
-84.0150
-86.2660
-79.9380
-85.3260
-83.8130
-86.7220
-80.4770
-80.5280
-77.6440
-76.8040
-75.5850
-78.7270
-78.8960
-76.4430
-82.3060
-78.5470
-81.1320
-78.6300
-77.5350
-81.9080
-82.2640
-78.8060
-79.1860
-78.0580
-78.5860
-78.4990
-81.2040
-81.1270
-77.0510
-76.0620
-76.9120
-80.3460
-88.3110
-84.2900
-79.3280
-78.7470
-81.0810
-81.2250
-78.5980
-78.4090
-78.6450
-79.8340
-79.1090
-77.1560
-80.0850
-79.1350
-79.9470
-77.3180
-82.9270
-77.1900
-79.8790
-79.7750
-79.6690
-80.2910
-80.0170
-77.4740
-78.4310
-77.5160
-78.6110
-76.7240
-82.0150
-79.1590
-79.3190
-75.6380
-77.1170
-76.3650
-76.5370
-77.9310
-78.7860
-79.9130
-74.9190
-80.6330
-76.8150
-77.9840
-84.3170
-80.9130
-81.8720
-74.7900
-75.1390
-75.0970
-81.2970
-80.0910
-76.4030
-74.1430
-76.6910
-75.0260
-73.5230
-74.0810
-79.2520
-79.5300
-78.6920
-75.2190
-74.4030
-75.4470
-77.6180
-77.8520
-77.7170
-80.6780
-78.2270
-78.9010
-74.1450
-76.3990
-75.0490
-73.5380
-76.1250
-75.4340
-75.1480
-76.4950
-72.8870
-75.5460
-74.9190
-74.2470
-76.3550
-76.7890
-77.3810
-78.5810
-78.1650
-78.9940
-76.6310
-75.6990
-77.4960
-77.4680
-76.0160
-73.5610
-74.6970
-75.4230
-77.0270
-80.5840
-77.6280
-78.6170
-75.3720
-74.9860
-79.7570
-79.4330
-76.0720
-75.9410
-77.2800
-75.3780
-77.1870
-77.2830
-77.1060
-82.1510
-79.0170
-79.7410
-79.6090
-76.5340
-75.8030
-77.4630
-77.0710
-75.9260
-75.6190
-77.1480
-76.4010
-74.6850
-74.4840
-75.9380
-75.8640
-76.4460
-77.1780
-79.1270
-78.3850
-79.3580
-81.1040
-77.4540
-76.3070
-76.1810
-75.6130
-75.8800
-76.4770
-76.2040
-78.3310
-77.0000
-77.8900
-76.8710
-81.0140
-81.2950
-78.6500
-77.9250
-77.8090
-77.0510
-78.0870
-77.8090
-76.6880
-75.9400
-76.1910
-75.2240
-74.0720
-75.0940
-75.1920
-76.5400
-79.0620
-76.2230
-76.6010
-79.4100
-79.1120
-79.8920
-80.4240
-78.3700
-77.6000
-78.0940
-78.5970
-77.6180
-78.9030
-80.2730
-78.5470
-80.2360
-79.0060
-80.8160
-79.4670
-78.8560
-81.1040
-79.3520
-82.5190
-78.0100
-79.4200
-76.7480
-77.8450
-77.9530
-78.0390
-80.3720
-82.4470
-84.9680
-78.2000
-77.0780
-79.0010
-79.1390
-80.3700
-84.0980
-81.8250
-79.6190
-79.5110
-80.9340
-82.6780
-81.3550
-80.0600
-80.4220
-85.9700
-83.6160
-83.3720
-84.7000
-83.1810
-83.6590
-88.9980
-82.7270
-85.9130
-80.7000
-82.7690
-86.4130
-84.3600
-85.8380
-85.2450
-88.4800
-88.5670
-89.5890
-84.2470
-83.3310
-82.3580
-81.2730
-80.2170
-80.8660
-82.5640
-85.2630
-89.3900
-93.4670
-94.6440
-95.0910
-90.4660
-97.7790
-85.8150
-83.9090
-87.8700
-81.5360
-91.1680
-83.5940
-89.2850
-95.3120
-88.0820
-85.0470
-92.9900
-81.0320
-81.5950
-79.5830
-84.4470
-81.1110
-84.1950
-88.3540
-86.9760
-87.6490
-86.5230
-86.8410
-90.3760
-86.0920
-83.9880
-84.5870
-81.7770
-83.1810
-83.9390
-87.7550
-88.9060
-86.9650
-97.3030
-102.0500
-84.6170
-92.4190
-79.0910
-85.9580
-84.1530
-83.1950
-80.9590
-82.0540
-81.4660
-84.5880
-83.6140
-81.0790
-79.9170
-86.2960
-81.5650
-84.1390
-86.1250
-89.1480
-86.3220
-98.7200
-86.3390
-83.6520
-83.3790
-82.8800
-85.3630
-80.0850
-79.3700
-78.3730
-83.2150
-83.9850
-82.4020
-82.7200
-86.5960
-83.1750
-85.1060
-81.5230
-82.0810
-85.0850
-82.6990
-86.5820
-82.5190
-84.6530
-85.7590
-87.4610
-86.3150
-84.7990
-84.6120
-87.8120
-90.8420
-96.4210
-89.2270
-82.6440
-88.4350
-83.2890
-82.7600
-94.7820
-81.9900
-83.2740
-79.6930
-83.4030
-86.8290
-84.4100
-86.8520
-88.7310
-82.1610
-80.7200
-80.0320
-84.9630
-77.7080
-76.4250
-85.9490
-85.6920
-81.6070
-87.2030
-82.5120
-85.9260
-82.8370
-84.7340
-80.5410
-80.1000
-81.2880
-83.6590
-81.5320
-79.1380
-83.9480
-90.2430
-81.4470
-81.7270
-85.9740
-89.4580
-91.2700
-83.6750
-86.8620
-88.1350
-83.2400
-86.9890
-94.0880
-89.2580
-86.1460
-105.2390
-84.2970
-82.1500
-84.5350
-86.5110
-82.2790
-83.2110
-84.2420
-84.1360
-86.3190
-83.5470
-81.3440
-97.1780
-87.2520
-87.1480
-84.1710
-90.6540
-80.8720
-86.9080
-97.1740
-80.3640
-86.2130
-80.1760
-81.2970
-79.1570
-85.4840
-77.8570
-84.0300
-76.7260
-87.6970
-78.3190
-82.0020
-78.5280
-79.5110
-79.0940
-88.6080
-75.5140
-86.4140
-78.4420
-77.8680
-82.5000
-76.8310
-85.9540
-78.8560
-80.5120
-82.5800
-81.4910
-78.8880
-84.2880
-78.3360
-79.2570
-87.5670
-76.2770
-80.6420
-77.3840
-78.3780
-87.2270
-77.1190
-79.2460
-81.4030
-76.4300
-80.4100
-78.7790
-75.9550
-81.3430
-77.1990
-77.6530
-84.4820
-76.0480
-80.6260
-77.7680
-81.8210
-78.2190
-77.9990
-80.2550
-80.5080
-80.7970
-82.6390
-76.1820
-90.9990
-84.3460
-79.4640
-84.3370
-80.7650
-77.5550
-78.1590
-83.5580
-88.4030
-80.4370
-77.4230
-77.0070
-76.7990
-81.4150
-81.8870
-87.1090
-82.5170
-83.6950
-81.0720
-85.6550
-89.1450
-90.4710
-85.5720
-91.6790
-88.1280
-82.5330
-83.6390
-87.2800
-91.4300
-86.3390
-83.1500
-85.1330
-106.4530
-91.4240
-82.9810
-85.0890
-86.4970
-83.1410
-85.5430
-89.6560
-88.5030
-89.2290
-90.9490
-95.8890
-98.9190
-91.7330
-90.5260
-96.9680
-90.1460
-85.4140
-81.7700
-82.5120
-79.2810
-83.3370
-82.3790
-81.5310
-83.4760
-86.6980
-85.7670
-84.1170
-81.7540
-80.6030
-82.3680
-80.3690
-85.8200
-84.0840
-84.4560
-84.4840
-82.2490
-85.2970
-80.8580
-80.4700
-79.7440
-86.8430
-89.6190
-84.2220
-87.9280
-84.5610
-80.3630
-91.7250
-101.7280
-92.7660
-86.2360
-88.3150
-93.6150
-91.3440
-87.5750
-86.2890
-83.8780
-84.6400
-87.4170
-80.9580
-83.8460
-85.0500
-85.9010
-84.8200
-85.5810
-83.2350
-83.1570
-84.2600
-91.9700
-84.7290
-79.3000
-81.4370
-83.9610
-82.9330
-80.8950
-80.5540
-81.0500
-82.5260
-84.8110
-81.2410
-95.9950
-87.4200
-86.4570
-84.0340
-85.3820
-91.3600
-85.4450
-87.3510
-83.4050
-81.1180
-81.3460
-82.8640
-80.6310
-79.8780
-79.8490
-83.5190
-83.5060
-82.7470
-84.0170
-89.0710
-91.6410
-87.1740
-91.0210
-86.2760
-83.1160
-85.9600
-85.4410
-83.0940
-81.4910
-83.2960
-86.0040
-86.1300
-82.7400
-81.2390
-79.8700
-80.9310
-80.6720
-84.8150
-84.4100
-87.5980
-86.9870
-90.0080
-99.4930
-91.6360
-88.3330
-85.5500
-89.0950
-88.3920
-95.7640
-84.9900
-81.8820
-83.4680
-83.4990
-86.4360
-96.3940
-87.0370
-83.0780
-83.5130
-85.5920
-84.2840
-90.7430
-88.8960
-85.8460
-84.2310
-89.0710
-89.1750
-95.9160
-84.7490
-85.3580
-87.1610
-88.2210
-90.8830
-88.5900
-83.9540
-84.3660
-82.8850
-82.8620
-80.9770
-82.1640
-80.4650
-81.5380
-84.6910
-81.7330
-80.8340
-80.4970
-81.6030
-82.7920
-79.8720
-79.5960
-79.8470
-80.3460
-79.8260
-82.1990
-86.9890
-87.4720
-83.5740
-81.7050
-80.2130
-78.5450
-79.3130
-81.1240
-81.2430
-82.1850
-82.8270
-83.6840
-79.3770
-77.0070
-78.8700
-79.6430
-82.1040
-80.0080
-80.1400
-88.2010
-83.6350
-79.6770
-77.4650
-78.2590
-77.4740
-76.9310
-77.6530
-76.6990
-77.6400
-78.7840
-79.5370
-78.1540
-76.6480
-75.7920
-75.8960
-75.6550
-76.9380
-78.2320
-79.7140
-77.5670
-77.7650
-77.9510
-77.0150
-73.1000
-73.9700
-76.1420
-76.3000
-77.6930
-75.8350
-80.1120
-79.7890
-74.4640
-78.1500
-77.7440
-76.2660
-73.6390
-73.5290
-73.8330
-75.3470
-75.8810
-77.4190
-76.1850
-76.4480
-76.5540
-77.0770
-76.7820
-77.7490
-77.5750
-76.2390
-76.2110
-78.8380
-78.4530
-73.8140
-74.2890
-77.2810
-75.7510
-74.6880
-74.9730
-76.7070
-78.1720
-76.5280
-78.2860
-77.3750
-79.4740
-77.3480
-77.9090
-75.9650
-75.1740
-75.9150
-73.8930
-72.8990
-72.9880
-75.7440
-75.0970
-76.2580
-76.8440
-75.3650
-74.2260
-77.6060
-76.8720
-76.7640
-78.7230
-82.1230
-77.1470
-74.6950
-76.1620
-75.4140
-76.1820
-78.2700
-79.7050
-76.5370
-78.3620
-77.6370
-75.4370
-75.7840
-77.0330
-78.4490
-82.6170
-95.6880
-84.7450
-79.3580
-77.8630
-80.4950
-80.4080
-81.8360
-79.2890
-82.0560
-77.5370
-78.1700
-80.2980
-80.7910
-82.4200
-78.1880
-78.2160
-75.9040
-76.6070
-80.0790
-85.2160
-79.0670
-78.5210
-78.5470
-78.8180
-77.1790
-81.2230
-77.6130
-77.2250
-75.9610
-75.7710
-78.4150
-78.1450
-76.4650
-81.9890
-76.7350
-78.9110
-76.4630
-77.6530
-81.0900
-77.5800
-75.7180
-79.3580
-74.2010
-78.1450
-75.6360
-74.8930
-77.0270
-76.2480
-76.8390
-77.0490
-76.6450
-74.6270
-76.8310
-81.9140
-77.1240
-78.6700
-81.4470
-81.8960
-75.1160
-80.3320
-84.2230
-88.8580
-81.8180
-78.7120
-78.6160
-81.1310
-76.1910
-79.4150
-76.2470
-80.6040
-76.8700
-77.0150
-77.0290
-77.2560
-81.9170
-77.7620
-76.8310
-77.0450
-75.7460
-76.6200
-78.4760
-75.4510
-75.1900
-74.8630
-77.8260
-79.8950
-80.6140
-81.3180
-78.1200
-77.0050
-77.2380
-83.3640
-82.1090
-91.9020
-83.3100
-85.8890
-80.3530
-83.4810
-94.8410
-85.2500
-92.1020
-79.6660
-77.1940
-78.4490
-83.8020
-84.8080
-77.9860
-79.7250
-76.1740
-77.1700
-79.2370
-79.9000
-79.6860
-85.5020
-78.8090
-80.6100
-77.7440
-77.9160
-76.6520
-74.4850
-80.0160
-76.2500
-75.5760
-73.5850
-74.6850
-75.2490
-76.2090
-74.0840
-77.0270
-75.6410
-74.1110
-75.4320
-76.1340
-81.6210
-78.2320
-75.6840
-77.0160
-76.0540
-75.3630
-75.2610
-75.2640
-73.6380
-76.4290
-81.8850
-82.5580
-81.3230
-77.3750
-77.0750
-79.9600
-77.2720
-79.4680
-81.1560
-84.1120
-88.3330
-102.5240
-83.8100
-86.2840
-79.8350
-79.2970
-80.4380
-81.2980
-87.7690
-81.8720
-76.6280
-81.3720
-79.7590
-83.4480
-82.0680
-82.0300
-87.8000
-84.9610
-96.2590
-83.6350
-82.2700
-84.9000
-79.7950
-80.7830
-78.4270
-75.0330
-78.1810
-75.4300
-76.9080
-75.9120
-78.5960
-82.6220
-81.9510
-84.8910
-77.6530
-78.1030
-74.3010
-73.7810
-75.3470
-74.2660
-75.5740
-74.7370
-74.8990
-75.5160
-75.6470
-74.4860
-74.6860
-73.8860
-75.1300
-75.0990
-75.8140
-78.1380
-77.9280
-81.4660
-76.3640
-74.6170
-75.2040
-76.0590
-76.8500
-75.9430
-74.7230
-78.7880
-78.2180
-77.7110
-73.9110
-76.8240
-77.3700
-75.5220
-73.8080
-75.1760
-75.7460
-75.5350
-78.0500
-77.2780
-74.4660
-77.5360
-77.7170
-77.9550
-78.1410
-83.4810
-82.6800
-79.4770
-81.1540
-77.9030
-78.4990
-79.8460
-78.9940
-78.4330
-77.9560
-78.1610
-77.7330
-75.1990
-74.8870
-76.7710
-84.6120
-80.7370
-79.1500
-76.6020
-83.2510
-78.8200
-77.0440
-73.4610
-72.0770
-74.6600
-77.1230
-75.9630
-74.2240
-79.0450
-74.8800
-74.3960
-73.9420
-73.4890
-74.1610
-76.3300
-84.2670
-80.6060
-76.8280
-79.5100
-79.2160
-77.6730
-75.5040
-81.1590
-79.5390
-76.6390
-76.0360
-76.4320
-80.1270
-79.4550
-75.1540
-73.8770
-76.9760
-75.2470
-75.8360
-75.3980
-75.1650
-75.3240
-75.9570
-78.7880
-77.2340
-76.7580
-74.3760
-74.7290
-84.3600
-83.1200
-83.4050
-78.0480
-88.7210
-83.1120
-78.0560
-78.9260
-81.2280
-79.1160
-78.7090
-77.8450
-75.9840
-81.8650
-83.4960
-78.9390
-81.5290
-82.8680
-81.1360
-77.4970
-76.8930
-81.2410
-79.5850
-79.2650
-83.2360
-81.7350
-80.1630
-76.9740
-78.5970
-79.9380
-79.8790
-78.0160
-76.0760
-76.4250
-79.8320
-81.2500
-81.7240
-84.6820
-81.0780
-80.3670
-84.4570
-79.1570
-80.7240
-81.7890
-79.1330
-77.2610
-82.5430
-84.6550
-80.7970
-81.4430
-78.7900
-76.6220
-77.9050
-79.5400
-78.6250
-77.9300
-77.6950
-82.9630
-84.1080
-84.6980
-82.0110
-83.2530
-84.5490
-85.4590
-84.2790
-79.2560
-85.3220
-84.2680
-77.7150
-77.1060
-78.9200
-74.9170
-74.0080
-76.5930
-78.1210
-79.3720
-79.5570
-78.9110
-77.4660
-81.2760
-79.7410
-78.2480
-80.7440
-77.4650
-78.7430
-78.9420
-76.1700
-75.8170
-83.1010
-75.4690
-75.1360
-75.9590
-74.2290
-75.3860
-74.3570
-76.3420
-76.5310
-75.2640
-76.1510
-77.3090
-74.7900
-76.3340
-75.2520
-73.9550
-76.1790
-76.3810
-80.6690
-77.0770
-82.3240
-76.8500
-73.2530
-75.5040
-90.4970
-78.2160
-75.0370
-78.9650
-74.9700
-76.3550
-78.3620
-75.2170
-81.5110
-78.1240
-76.2020
-75.9030
-80.6780
-76.4000
-75.4250
-76.2270
-74.8520
-76.4620
-75.7840
-74.9770
-73.9430
-73.1770
-79.2590
-75.4820
-72.9320
-75.3300
-74.6660
-72.9120
-73.0370
-71.1820
-70.3730
-72.1940
-69.1100
-70.1690
-70.8210
-72.7730
-70.5580
-73.9680
-71.0900
-70.4300
-73.8680
-73.0240
-71.9580
-71.6810
-72.8650
-72.0210
-72.0480
-72.6050
-74.5010
-70.7160
-74.8810
-78.3910
-76.0290
-73.4850
-71.5550
-71.3100
-71.4200
-70.5550
-70.1400
-71.5270
-69.7090
-70.0700
-72.3490
-71.4480
-71.8530
-71.1310
-71.1600
-70.9770
-70.3180
-70.9250
-70.5370
-70.2060
-73.1260
-71.8950
-69.9220
-70.6210
-71.7650
-73.5880
-73.1680
-71.8460
-75.8050
-77.3730
-83.3350
-77.1430
-72.6010
-73.3370
-74.5180
-72.1830
-74.8830
-72.8270
-71.2990
-71.4670
-70.0260
-70.6170
-73.3750
-74.2060
-70.7290
-69.4030
-69.6360
-71.3120
-72.8480
-70.5240
-70.1900
-71.6020
-75.0850
-72.9350
-70.3510
-68.9320
-68.6270
-69.5200
-70.8260
-70.8390
-70.0700
-68.5520
-70.7030
-70.6810
-69.8270
-70.8680
-68.2350
-67.4990
-68.7290
-70.4450
-68.9070
-68.5200
-72.2200
-71.5100
-68.7940
-69.1030
-70.0080
-68.9830
-68.0010
-68.5230
-69.2970
-69.8610
-68.9060
-69.0790
-70.8210
-70.3470
-68.7560
-68.4390
-69.9000
-70.8590
-69.9440
-69.6860
-68.7230
-69.1120
-71.8800
-76.5720
-70.7410
-71.1800
-76.2130
-71.0470
-72.9730
-71.3640
-70.3440
-73.4840
-71.6130
-71.9060
-72.5790
-73.3290
-75.4280
-70.4760
-70.3220
-70.5150
-70.6100
-70.8720
-71.9570
-69.9380
-68.0080
-72.0250
-73.7450
-73.1080
-72.8550
-74.9000
-72.4310
-72.0070
-72.2420
-72.1440
-70.6470
-74.9430
-74.3390
-74.1620
-77.1090
-74.5830
-76.9820
-81.1180
-77.4410
-82.4770
-82.5960
-75.4660
-80.6530
-78.8010
-88.8630
-78.4080
-77.0800
-76.5130
-72.3450
-75.6570
-70.9180
-76.0510
-74.3140
-75.0260
-73.5710
-74.4950
-72.7780
-74.2940
-73.2340
-72.2730
-71.2210
-71.6090
-73.8940
-70.6320
-71.9040
-74.9050
-73.6390
-74.9990
-73.8050
-75.2640
-80.3210
-74.4970
-74.7060
-74.5710
-74.8940
-76.0430
-72.2790
-74.4760
-71.0400
-72.4690
-73.9380
-78.9940
-73.7900
-73.6290
-74.8380
-74.3530
-78.7100
-73.7070
-71.8510
-72.2310
-78.8040
-70.5330
-68.3670
-73.7160
-72.1940
-73.0300
-70.9520
-74.2290
-70.0900
-71.2150
-73.4490
-75.7860
-77.4650
-74.9010
-76.1930
-76.8900
-80.9080
-72.1400
-71.2620
-71.3910
-73.5470
-70.7330
-74.5920
-72.9100
-71.8350
-81.6770
-72.7680
-75.7660
-79.3490
-75.1560
-77.0310
-77.2540
-86.1490
-73.6330
-79.2910
-76.7840
-81.5100
-77.2070
-74.2070
-74.0930
-69.8850
-74.6270
-72.8270
-73.8850
-75.8660
-78.5130
-74.7840
-73.4840
-73.5740
-75.4860
-84.2920
-74.9540
-79.1350
-75.4230
-74.5650
-74.2110
-79.1590
-75.2720
-72.0050
-78.5880
-77.5370
-76.3580
-74.7710
-76.9820
-74.7900
-76.1870
-78.1240
-76.7460
-77.1630
-75.9870
-74.8080
-71.0290
-71.4240
-77.7470
-75.3760
-72.9460
-73.7450
-74.1730
-77.0450
-73.7100
-74.4870
-75.8760
-77.2270
-92.5690
-81.7240
-79.6260
-76.5760
-73.4840
-76.4560
-76.5050
-79.9420
-76.8970
-75.2250
-75.0980
-72.7340
-77.1570
-75.6850
-74.2750
-73.4760
-73.6020
-75.2590
-73.2370
-73.3680
-77.9390
-75.4850
-74.4830
-72.6250
-76.2480
-73.0730
-71.8980
-74.5520
-73.1760
-74.4840
-74.2060
-72.5520
-74.5160
-79.0280
-73.4130
-75.1340
-74.1330
-71.5920
-78.9440
-74.5960
-72.7340
-73.5450
-72.3710
-77.1430
-74.3460
-71.5550
-73.8930
-75.4960
-72.9500
-70.4500
-71.8100
-73.4980
-75.1820
-74.3350
-70.5860
-74.9730
-78.1290
-72.5300
-78.1650
-79.9910
-74.0750
-72.2170
-77.0860
-72.7770
-73.4260
-76.2500
-74.2870
-75.4440
-75.0180
-79.2480
-77.8130
-71.9260
-72.3030
-74.0920
-72.4330
-76.7580
-74.7080
-75.5390
-85.1300
-80.6280
-77.5010
-75.7080
-74.0470
-76.8170
-88.7570
-75.8460
-76.4820
-79.1390
-81.6290
-77.6730
-75.6450
-80.0640
-76.3180
-76.9580
-74.1770
-74.1010
-77.5580
-73.6480
-75.6190
-73.1460
-71.1820
-74.3430
-72.1870
-74.4740
-77.3660
-76.1320
-76.0080
-72.0450
-72.6280
-75.7820
-74.3090
-82.5350
-85.8360
-76.2670
-80.5800
-88.1700
-78.9950
-75.2640
-79.6980
-80.1260
-78.4330
-78.7050
-78.6210
-83.7000
-77.4170
-73.0380
-77.9100
-78.3440
-80.5270
-76.2310
-75.1480
-78.4440
-76.7090
-73.8100
-76.8900
-77.4550
-73.7910
-78.9940
-78.7990
-77.3520
-75.9420
-75.5370
-75.8270
-80.0600
-81.6320
-79.3040
-75.8120
-78.3080
-76.2770
-75.5180
-86.7310
-77.5560
-75.3450
-76.9200
-79.7640
-79.6710
-75.2040
-77.3420
-78.1830
-74.4950
-75.2790
-76.6940
-80.6580
-76.7990
-85.2320
-83.8430
-80.1770
-81.0230
-76.4430
-77.5360
-74.5320
-76.2300
-75.1920
-75.2730
-77.4570
-72.9620
-76.9870
-75.9080
-76.9490
-78.2440
-75.6540
-79.3340
-82.4770
-78.0760
-75.5390
-77.9180
-82.0960
-76.9420
-79.3090
-75.0140
-73.0350
-76.3200
-75.5710
-81.7270
-79.5160
-76.4060
-74.4760
-77.3520
-76.9620
-82.1540
-78.6450
-76.2370
-77.8470
-74.5230
-76.0290
-78.1930
-73.3890
-76.1020
-85.0110
-78.2870
-76.6420
-88.7400
-82.6480
-81.5110
-84.0450
-78.4010
-84.0300
-79.5300
-81.9760
-82.0530
-80.4680
-86.6100
-82.4980
-81.8990
-79.8900
-76.9180
-77.9990
-78.4040
-75.2450
-77.4920
-79.7530
-77.3550
-78.2370
-79.2480
-77.9060
-78.3920
-83.6570
-81.7450
-79.0460
-76.9250
-75.4650
-79.3860
-75.8100
-77.6260
-81.3340
-76.3420
-77.2160
-81.4050
-80.3400
-75.5350
-72.2700
-76.2390
-81.3200
-75.2010
-75.4430
-73.3630
-74.1240
-76.4370
-71.5750
-73.7680
-77.1700
-72.9760
-75.7230
-75.2170
-73.0630
-74.7360
-75.4880
-78.8100
-74.3740
-74.2560
-73.4610
-71.9830
-72.7820
-72.3310
-71.4860
-71.8070
-73.8300
-73.0420
-71.9110
-73.2120
-72.2890
-73.9980
-74.3030
-73.6340
-73.5170
-73.9680
-73.3000
-72.3960
-69.8580
-71.7780
-71.8680
-68.3060
-72.1830
-73.0610
-69.6270
-71.8890
-72.1580
-72.4280
-73.6530
-70.0600
-69.7000
-75.6360
-69.2950
-67.4820
-73.1930
-71.4980
-71.1090
-72.5530
-71.7870
-73.9020
-71.6950
-69.9680
-72.6680
-76.3210
-75.5040
-71.5570
-75.0930
-69.7900
-72.1330
-73.1590
-70.2990
-75.0770
-72.1110
-70.0650
-72.5940
-68.1230
-68.5380
-70.0740
-68.8230
-68.8530
-69.9810
-68.4870
-68.2570
-70.2610
-68.9070
-67.9170
-69.5790
-69.4340
-69.1620
-68.5250
-68.5820
-70.0850
-70.4370
-72.5560
-71.9090
-72.0980
-72.8910
-72.0190
-71.1300
-73.1430
-70.3600
-69.4300
-71.0900
-71.1940
-74.9240
-72.4790
-71.0150
-73.6120
-67.9330
-68.8380
-71.5040
-72.3160
-72.9290
-70.8480
-70.5690
-77.2560
-73.6740
-69.7640
-73.5140
-74.5130
-70.7300
-74.6650
-74.2380
-72.5750
-73.8880
-69.7720
-73.1450
-72.3470
-68.7130
-71.7570
-69.7930
-69.2670
-70.0960
-68.9000
-70.8520
-68.0240
-67.2030
-70.6350
-70.8970
-70.4330
-69.8380
-73.2670
-70.6240
-69.6910
-71.8730
-71.8040
-73.5310
-75.3960
-76.7330
-72.5330
-73.6410
-73.0220
-68.8250
-68.8210
-69.9880
-74.6830
-76.4870
-70.7500
-75.7080
-73.1380
-70.9410
-77.3280
-69.2060
-68.4550
-69.5270
-69.6370
-74.6810
-69.0630
-70.5400
-67.2730
-67.2090
-71.2580
-66.5390
-70.2610
-69.1620
-65.0490
-68.6160
-68.9320
-68.0710
-70.6030
-70.1490
-68.8230
-67.8710
-67.5780
-66.5020
-74.1750
-72.8160
-70.8020
-78.2590
-73.2850
-71.9120
-71.5270
-69.5360
-70.4740
-72.7810
-73.0410
-69.9070
-72.1190
-70.2830
-73.3820
-70.1100
-68.9750
-69.6780
-70.2060
-71.9660
-68.4660
-71.8840
-73.7270
-68.0060
-75.9860
-74.5080
-67.6650
-69.7540
-69.5310
-68.7250
-69.9400
-69.3890
-66.5770
-66.6150
-69.1680
-69.0960
-69.5960
-70.1730
-69.2630
-69.5180
-69.4280
-70.5620
-67.4670
-71.5610
-74.0880
-67.0140
-70.5920
-70.1720
-70.4920
-75.2470
-71.2660
-72.8650
-73.6200
-71.8250
-73.8470
-73.4050
-70.3440
-67.7860
-71.3570
-70.2080
-73.3960
-70.9040
-72.9440
-70.9450
-69.2020
-70.4260
-68.2940
-72.5600
-74.4610
-76.0380
-76.6900
-69.3300
-69.9400
-70.7550
-74.2110
-76.7580
-69.5990
-71.5290
-73.7410
-69.8540
-71.0570
-73.2560
-71.0610
-72.7310
-72.2000
-71.0380
-77.0910
-72.4030
-70.4760
-73.0560
-72.8450
-71.8490
-74.3050
-72.3940
-71.6310
-76.8750
-71.6960
-70.9580
-75.5050
-70.0830
-70.3550
-73.1520
-72.7120
-69.2710
-68.2500
-75.2300
-73.1130
-68.9130
-71.2210
-71.2530
-71.5750
-76.1600
-73.0670
-72.7950
-69.4260
-68.9450
-70.6720
-66.7090
-70.3550
-71.3500
-70.5990
-72.4490
-69.5660
-69.4120
-72.1380
-71.9380
-78.4790
-72.3340
-68.5030
-71.6670
-71.6770
-72.4190
-69.9160
-66.1140
-65.1460
-67.3680
-67.6310
-67.1030
-74.4550
-72.0420
-68.3530
-74.8540
-72.2430
-68.0950
-69.8400
-71.2660
-73.3160
-69.9550
-73.3610
-70.1470
-71.1510
-72.2070
-69.6600
-67.2760
-66.9420
-68.0840
-69.9610
-71.8570
-70.9140
-71.1970
-72.7570
-69.9610
-70.3670
-69.0260
-77.0550
-72.5610
-70.5240
-71.1620
-67.9600
-69.2490
-70.8160
-68.2850
-69.3420
-69.8830
-67.9120
-68.0450
-69.6560
-69.9970
-69.5200
-70.7510
-71.3090
-73.8090
-72.5710
-70.0670
-73.5970
-73.9930
-70.2410
-72.0260
-69.3650
-69.9470
-73.3080
-68.7160
-69.2900
-68.1870
-68.9770
-69.4900
-66.8130
-67.8470
-67.8700
-68.3940
-69.7160
-66.6310
-68.7140
-69.3930
-65.6360
-67.3290
-68.2180
-66.9880
-67.8320
-67.5320
-66.6960
-66.7040
-67.4580
-69.0310
-69.5940
-67.3540
-66.0820
-67.4890
-70.6210
-69.6620
-70.1950
-71.0600
-68.9610
-66.0580
-68.2150
-67.9490
-67.2410
-69.6860
-67.6660
-65.6160
-69.4900
-67.8820
-65.7850
-67.1660
-65.8480
-66.4600
-67.0750
-65.2370
-67.3420
-67.8490
-66.9290
-68.3240
-68.1370
-67.8720
-68.4070
-66.8540
-67.7110
-67.1330
-66.8150
-72.8600
-68.0470
-67.2190
-69.6400
-67.0450
-67.3290
-65.0200
-65.3990
-67.1440
-67.7310
-68.2900
-68.6120
-67.3880
-67.6660
-69.2180
-65.8230
-65.7810
-68.8780
-65.4470
-67.9190
-64.6880
-66.0190
-68.8040
-68.9870
-69.5200
-67.0890
-69.8020
-68.1540
-63.5640
-65.9730
-68.6930
-67.5710
-67.2050
-67.9870
-64.6560
-65.4050
-65.4360
-64.5410
-68.3110
-66.4310
-64.6470
-66.8820
-66.2710
-64.9130
-65.8950
-65.3030
-62.8610
-66.2760
-65.9880
-68.2240
-65.7830
-66.2170
-68.8280
-66.8430
-65.0710
-68.4350
-66.3090
-66.8780
-66.1450
-70.9900
-68.6930
-64.6110
-66.0170
-66.3250
-66.2920
-63.7070
-62.8610
-62.1830
-63.9620
-63.6040
-66.9370
-63.9640
-64.2440
-65.3410
-63.3570
-67.2310
-66.3950
-66.2760
-64.1910
-64.6030
-66.1810
-66.7770
-70.9040
-67.4070
-67.3600
-66.9280
-64.2800
-66.6370
-65.8880
-67.0300
-67.1640
-66.1830
-66.9770
-64.1040
-67.2170
-65.2570
-66.4120
-65.4670
-66.4190
-65.5180
-64.9160
-67.7660
-64.1800
-66.6870
-66.2670
-66.2340
-64.0770
-66.5250
-65.9710
-67.3750
-66.5820
-65.2950
-70.0670
-67.1850
-67.1630
-66.4120
-67.3590
-65.8500
-66.4860
-66.2340
-65.8350
-62.6920
-65.5500
-65.1790
-66.6710
-64.6880
-64.4430
-63.6280
-64.6430
-64.4790
-64.2280
-62.2870
-64.9070
-68.5340
-65.4670
-63.6000
-65.0240
-69.2270
-65.9310
-66.0110
-66.4750
-63.3220
-63.3840
-64.5160
-69.6270
-68.3870
-65.3940
-66.8990
-66.4500
-63.5320
-62.3160
-60.6210
-60.4890
-63.6390
-61.9090
-62.7500
-61.9150
-61.1500
-62.2490
-61.4470
-61.9930
-62.6200
-61.4410
-62.5100
-63.1990
-63.5860
-63.3640
-62.9680
-64.0110
-62.4110
-63.7120
-62.8590
-62.1820
-63.6070
-62.2840
-63.1230
-63.4850
-63.2840
-62.1960
-63.0710
-63.7290
-61.8320
-62.7630
-63.1110
-63.8400
-62.3570
-61.6680
-62.4160
-62.3970
-62.2820
-61.6660
-61.5160
-62.1350
-63.5250
-63.6940
-63.0810
-62.6730
-60.9420
-62.3370
-62.2190
-64.4920
-60.8760
-60.6160
-63.3390
-63.6450
-63.9160
-64.8710
-65.8260
-66.8810
-62.8160
-62.2560
-64.1980
-64.4190
-65.1820
-63.5170
-66.2400
-63.7320
-62.4650
-64.7600
-62.5790
-62.5420
-63.1800
-65.3040
-65.9770
-63.0600
-64.0020
-66.0570
-65.7240
-63.9200
-65.7560
-66.0390
-66.0820
-62.0720
-67.5410
-65.7860
-66.0730
-66.5550
-64.3430
-66.1200
-62.6250
-64.5390
-63.8670
-63.0660
-63.8780
-63.5060
-63.2410
-62.6840
-66.2710
-64.4520
-66.2260
-65.7830
-64.1640
-66.2890
-65.3010
-64.5280
-69.3060
-66.5660
-63.6100
-66.5440
-68.0550
-66.1780
-68.4370
-66.9800
-66.4370
-65.3780
-68.3990
-69.2490
-66.7230
-68.7430
-71.4930
-67.1540
-65.4100
-69.6510
-64.2970
-69.8920
-67.3170
-65.9710
-66.6560
-64.2300
-66.8950
-65.3580
-64.8310
-65.6990
-66.4790
-66.7350
-70.2600
-66.8850
-66.2300
-71.5320
-70.5260
-72.6330
-72.7820
-66.8410
-75.7070
-70.0390
-67.9210
-72.6990
-65.8240
-67.7130
-68.6920
-67.9850
-68.3600
-66.8110
-66.8990
-70.8610
-74.8250
-70.8540
-73.4760
-77.1630
-71.3910
-75.1580
-74.3940
-71.6270
-75.3860
-70.7930
-73.3670
-75.4250
-73.0810
-73.7700
-72.4410
-71.1040
-72.0700
-75.0080
-75.4000
-71.5610
-74.6760
-73.5360
-77.2090
-72.9900
-73.7010
-73.1100
-68.0980
-72.8210
-76.9910
-73.2180
-71.8510
-72.1590
-71.5500
-71.3900
-72.6270
-76.5150
-76.5450
-70.7500
-72.7460
-75.6430
-70.6380
-70.9150
-74.1320
-75.1560
-69.6770
-68.3870
-68.8210
-67.8880
-70.7330
-69.7660
-69.6910
-69.2410
-69.9420
-73.6100
-68.7060
-71.7420
-65.6400
-67.5590
-73.1150
-69.5640
-68.9100
-66.3970
-68.9120
-65.5530
-67.0490
-70.9130
-69.6880
-79.2500
-66.8330
-65.0200
-66.3830
-64.8280
-66.6620
-66.6480
-70.8730
-67.4960
-69.7400
-67.1810
-66.6620
-64.1370
-63.9710
-65.4400
-63.7630
-64.2620
-62.4900
-63.7590
-63.9980
-63.9820
-75.5130
-72.2650
-76.2690
-64.9660
-68.0690
-68.5070
-65.6340
-71.9640
-66.0040
-65.4210
-65.8710
-63.5380
-64.3970
-62.4060
-64.0820
-63.3800
-68.1340
-68.5270
-64.8770
-65.6780
-70.9040
-72.2700
-74.0750
-68.5950
-69.9550
-70.2390
-69.5880
-68.1880
-63.8560
-66.1160
-62.2380
-67.2710
-69.7470
-68.3030
-70.5400
-69.1950
-69.4460
-66.3990
-67.1220
-71.2040
-64.0950
-64.5140
-63.8440
-65.6130
-68.1820
-64.1280
-64.9590
-65.8790
-65.0220
-65.6580
-63.6040
-63.9690
-63.1420
-63.2800
-68.1930
-64.9130
-64.0110
-68.1450
-64.2950
-60.8030
-62.8030
-62.9660
-64.2840
-65.9070
-60.5480
-64.1760
-66.7140
-61.4190
-64.7630
-65.3430
-64.6270
-63.2600
-65.2390
-68.0960
-66.3540
-71.2030
-67.5200
-60.9620
-61.8040
-67.7200
-63.0270
-60.7700
-64.3630
-63.8260
-62.2670
-65.3830
-66.4570
-63.6950
-63.9680
-68.3370
-67.0190
-63.8240
-65.1900
-62.2780
-64.4700
-63.6170
-63.1360
-64.7160
-64.3940
-63.2100
-61.1730
-61.8350
-61.9710
-61.8620
-62.8060
-62.9040
-62.8980
-63.9590
-65.7830
-65.3650
-64.8550
-65.5140
-62.5980
-66.1340
-62.4040
-63.8260
-65.1710
-63.0430
-61.9890
-60.6480
-61.9850
-60.9660
-61.6870
-60.2730
-64.9900
-62.7270
-60.4140
-64.4490
-62.7310
-64.3630
-66.4880
-64.8100
-62.8850
-63.3810
-68.3490
-66.5210
-63.2480
-65.0830
-62.1590
-62.2030
-63.0820
-62.8420
-63.6020
-64.8530
-65.0920
-65.0490
-70.6280
-66.4970
-66.6530
-67.4270
-64.9460
-62.5690
-65.5270
-63.5740
-62.0660
-66.1740
-63.0130
-62.4740
-64.3900
-63.3840
-65.1640
-63.5160
-63.6790
-63.9680
-62.8660
-62.6900
-64.7940
-61.6610
-67.7990
-63.6630
-62.2970
-63.6440
-62.5390
-63.0430
-65.4460
-64.7920
-64.3230
-67.5690
-66.4600
-63.9890
-62.7060
-64.8980
-63.2620
-62.5660
-64.8820
-66.3900
-65.6760
-66.0870
-67.2020
-64.4450
-64.0900
-64.6380
-62.6180
-65.9260
-68.4570
-64.9950
-62.1420
-67.2980
-65.8280
-65.4690
-61.6840
-66.3740
-64.7960
-63.1860
-64.7650
-66.2850
-66.3120
-68.1320
-67.2330
-66.5130
-70.7620
-65.8280
-67.8260
-65.7540
-67.6160
-68.0150
-68.4680
-69.9070
-64.2620
-63.7320
-70.4190
-65.7480
-66.8070
-66.3140
-70.6670
-66.7750
-67.3960
-75.9360
-67.5780
-66.6620
-67.5990
-71.6920
-70.3220
-70.3010
-69.9350
-67.8880
-71.1820
-65.7970
-67.7490
-67.5600
-65.2100
-64.2060
-68.0080
-67.9800
-66.2650
-64.4510
-65.5210
-65.7900
-65.8370
-67.2150
-65.6220
-67.9580
-67.7150
-69.4570
-65.9640
-69.0270
-67.7750
-71.2100
-67.5840
-70.0260
-66.4480
-70.3170
-68.0890
-65.0490
-69.8960
-68.0240
-65.5820
-69.2100
-74.9680
-74.6720
-69.1390
-69.3820
-66.7540
-71.0150
-70.9410
-71.0810
-68.7200
-71.9680
-70.4010
-69.3910
-70.0080
-73.0090
-73.9200
-69.5730
-70.1950
-71.1290
-68.0490
-67.2500
-69.8540
-73.6080
-72.6470
-70.5550
-71.1530
-67.1440
-68.8210
-69.1880
-68.1370
-67.0330
-70.3350
-75.2320
-71.5720
-74.5760
-73.3770
-72.0960
-78.6610
-70.0670
-70.2990
-71.8260
-83.6800
-79.9080
-72.5360
-68.4350
-70.6760
-69.7880
-66.9100
-74.2780
-88.9640
-71.7040
-73.8020
-74.2280
-80.0070
-82.6950
-77.9560
-77.1920
-81.8380
-74.7080
-71.5950
-73.9640
-78.7340
-72.9100
-74.3340
-82.8070
-72.3830
-68.5460
-71.2350
-69.0510
-69.9150
-70.6420
-70.9200
-75.9460
-74.5090
-80.2380
-78.0960
-71.0400
-72.8860
-73.4140
-71.0440
-76.1440
-76.6310
-71.7250
-74.9620
-70.4740
-75.6790
-75.0550
-71.7910
-78.8720
-75.1230
-74.5250
-77.2450
-74.4570
-77.4410
-74.1680
-72.4300
-70.2760
-73.7190
-74.7730
-73.4530
-80.1510
-76.5410
-81.0000
-83.9650
-74.8980
-78.4120
-77.1670
-75.1170
-74.0010
-74.2110
-73.6600
-77.1680
-74.7640
-70.5690
-77.2910
-72.4610
-69.7090
-80.0590
-75.4460
-77.9090
-77.1540
-70.7330
-69.4630
-68.0840
-73.0350
-72.4940
-73.9620
-69.7700
-71.7580
-74.5930
-71.3370
-70.6370
-69.1750
-70.1490
-76.3180
-73.3120
-69.9860
-71.0770
-71.9060
-69.0960
-71.5950
-72.4650
-70.8610
-74.5670
-72.3490
-73.5420
-80.7750
-71.6790
-73.8130
-72.4540
-70.3890
-73.1110
-71.6450
-71.4780
-70.8070
-79.2240
-66.9640
-70.1290
-68.6360
-65.6690
-68.4150
-73.9400
-68.1590
-70.5420
-72.7520
-69.8300
-74.0100
-80.5960
-80.4330
-73.5060
-70.1830
-69.5110
-71.7870
-73.7000
-78.1240
-77.4650
-78.9390
-76.3550
-69.1140
-67.6880
-65.5970
-66.7020
-68.7220
-67.5840
-70.3580
-69.6980
-70.3330
-65.7020
-66.4930
-68.1880
-71.6920
-74.3390
-69.2880
-67.5860
-69.8780
-68.3060
-67.6910
-73.7070
-70.7850
-68.6620
-68.2090
-67.0650
-68.9610
-69.8330
-71.0380
-73.4720
-74.9330
-69.5740
-71.3410
-76.1720
-71.0900
-70.2980
-76.5430
-72.8870
-68.5470
-67.8170
-77.2910
-66.4950
-68.1790
-66.0080
-67.8840
-69.4610
-67.3810
-72.1100
-67.6650
-64.6270
-68.0850
-68.9560
-72.0970
-66.9910
-65.0310
-65.8950
-64.1580
-64.7060
-72.0570
-67.5390
-66.8200
-72.0510
-70.4420
-68.4390
-72.7960
-72.0740
-70.8340
-71.7390
-71.9250
-67.8020
-71.6960
-83.4760
-68.9460
-64.7530
-68.2920
-69.8610
-66.1690
-66.2480
-69.8380
-66.3570
-66.6870
-68.9120
-67.3540
-69.5270
-69.2810
-70.7310
-68.7740
-69.6840
-72.5470
-68.3060
-73.3080
-73.8140
-71.6350
-66.4890
-65.1680
-70.6190
-68.2200
-68.6630
-73.5680
-69.8560
-66.8110
-64.4300
-67.2320
-65.6530
-65.0850
-66.2170
-65.4730
-66.8950
-70.4920
-66.4030
-66.1160
-65.9810
-65.4290
-63.7160
-66.3010
-65.4850
-66.6420
-69.6340
-69.6210
-70.1360
-81.4790
-75.8360
-68.5000
-70.7800
-74.1470
-86.3810
-70.6870
-67.8600
-70.8560
-70.1950
-68.1540
-68.1680
-66.9070
-70.6810
-70.9020
-70.6980
-69.0780
-66.5000
-67.2030
-67.8310
-67.0310
-66.8910
-71.1990
-64.8370
-64.8710
-64.7490
-69.1840
-65.4650
-64.7530
-65.6760
-65.2590
-66.2010
-66.3030
-67.4370
-65.7880
-63.0310
-65.6000
-68.1390
-65.1460
-66.3290
-66.7070
-65.0550
-63.3440
-69.6330
-72.6870
-69.2430
-71.6020
-72.2630
-71.0720
-69.0000
-68.1320
-67.9150
-67.6070
-67.5320
-67.2050
-66.9270
-70.1440
-84.2270
-70.9560
-67.1460
-67.4430
-66.9430
-67.1460
-68.3680
-73.7210
-69.9400
-71.6380
-71.8450
-68.0560
-71.2210
-70.5420
-68.8670
-74.0470
-69.4210
-69.6420
-67.1660
-70.2630
-72.5490
-70.0990
-67.5170
-70.9510
-71.3440
-72.1130
-69.9420
-68.3710
-69.7130
-69.4440
-72.3710
-69.5550
-70.1060
-69.5650
-66.9370
-73.3230
-72.0440
-72.2010
-65.3520
-64.7890
-68.1410
-67.4510
-68.0640
-67.3620
-68.7740
-66.1250
-67.5080
-71.5790
-66.6150
-66.6510
-69.1140
-68.9840
-66.4460
-70.1750
-68.8650
-68.4280
-67.0440
-67.2270
-68.5620
-64.8640
-74.9710
-74.3070
-69.2900
-70.1550
-69.9330
-68.0060
-65.0600
-69.2140
-80.7810
-72.8000
-76.8730
-71.7760
-71.5810
-72.2730
-68.8010
-72.8250
-67.1680
-70.6010
-70.5070
-67.5010
-75.4510
-70.1150
-69.6970
-67.3850
-73.4040
-77.1990
-76.6900
-71.5990
-73.1310
-82.0660
-72.5500
-72.5050
-84.2620
-80.8570
-90.7080
-70.8410
-78.3320
-75.3500
-73.8740
-69.0310
-70.3890
-75.1430
-78.9190
-74.0420
-70.0880
-86.2680
-73.0870
-80.2430
-73.9850
-75.3720
-72.0440
-74.3070
-75.3070
-74.2030
-73.9840
-69.5960
-68.8690
-67.5010
-79.2980
-73.3590
-71.1150
-71.1670
-73.6710
-71.5230
-71.2190
-72.9100
-71.8690
-70.3420
-74.1890
-71.6540
-72.9160
-74.0260
-76.2880
-72.2580
-72.2700
-76.7010
-76.1970
-71.2100
-78.5710
-72.0300
-69.1710
-73.6960
-78.4230
-70.2780
-68.9170
-85.3910
-73.5310
-72.8250
-73.5210
-74.4730
-72.8450
-78.7470
-77.3000
-69.5420
-70.2410
-72.7910
-68.4660
-68.9130
-74.8090
-72.4930
-69.3410
-73.9930
-71.5520
-70.4960
-70.4880
-70.2170
-72.7560
-69.6580
-67.5630
-69.1570
-73.5150
-72.3560
-69.7990
-69.7840
-70.8750
-68.4760
-70.9900
-70.3670
-81.7960
-80.2090
-75.6960
-89.2740
-76.3640
-70.6920
-75.0780
-73.5420
-80.0980
-73.5520
-73.3040
-78.6110
-70.5200
-84.4290
-86.6930
-79.6060
-79.1380
-80.4100
-78.4690
-75.6310
-75.6410
-73.2340
-76.7570
-76.3230
-79.4400
-76.7570
-76.3300
-69.7220
-79.4060
-73.1170
-71.0030
-71.9950
-74.9900
-77.0270
-72.6690
-81.0110
-73.1700
-78.6460
-77.1060
-76.5990
-84.0350
-76.7460
-73.8260
-70.2110
-80.1120
-87.2490
-74.9600
-85.8590
-76.7780
-72.2220
-74.7670
-74.2900
-72.6940
-80.0060
-69.6120
-80.8870
-73.7360
-76.0800
-76.4730
-71.2860
-88.7960
-77.3720
-79.5280
-80.9950
-85.2770
-76.5470
-76.6870
-73.8280
-72.7630
-75.3740
-76.8530
-70.6670
-76.6780
-84.7110
-80.3580
-83.3300
-79.0210
-82.0490
-76.7440
-75.8640
-79.3990
-91.3150
-73.3670
-76.7990
-80.4830
-73.0840
-69.3390
-71.7150
-75.2920
-78.0440
-74.4630
-72.8660
-76.5910
-77.1740
-76.1040
-75.5310
-71.2280
-72.5330
-73.0730
-69.0220
-75.7820
-88.3750
-85.5770
-72.0100
-72.9270
-79.5420
-74.1090
-75.4360
-77.8360
-83.6590
-74.2540
-70.7050
-66.6200
-69.4280
-73.5880
-71.6810
-73.0810
-76.4440
-71.9370
-69.0040
-77.1870
-76.8150
-76.1660
-72.7930
-73.1700
-73.3070
-68.6900
-70.3440
-72.4670
-71.4660
-84.1270
-74.6080
-75.6380
-72.9070
-69.2630
-74.2870
-76.4770
-73.8120
-75.8590
-77.5890
-72.1450
-70.1750
-70.1440
-72.0550
-75.6470
-88.0880
-73.2200
-73.4530
-78.4550
-76.9140
-82.2250
-86.2960
-85.6240
-83.1200
-69.9840
-75.5220
-72.5220
-75.3130
-74.0120
-66.8930
-69.3670
-69.5030
-70.3820
-73.1170
-74.5040
-74.6740
-75.7480
-79.0990
-73.0960
-68.2320
-72.5920
-69.7150
-87.5400
-73.3470
-71.7320
-76.6210
-70.8270
-85.9720
-80.0250
-71.9860
-73.9180
-74.5330
-75.0550
-69.9830
-69.8850
-67.8490
-75.9450
-73.9980
-75.9900
-75.1340
-80.6550
-80.8550
-79.1720
-71.5050
-84.3640
-79.4490
-67.5740
-80.7500
-77.4030
-73.2290
-70.0330
-68.7720
-76.7510
-72.0020
-77.5330
-72.1830
-72.9700
-74.4180
-68.7810
-72.4940
-70.5880
-74.5070
-70.7510
-70.1170
-73.9640
-73.1870
-91.8330
-73.3780
-74.3760
-68.5160
-74.7600
-72.1340
-76.4710
-69.3150
-76.4840
-77.4660
-76.1820
-74.4310
-72.0140
-74.2820
-71.5620
-87.0940
-72.9050
-72.6770
-78.9760
-75.1260
-76.4300
-74.5270
-77.6970
-70.8180
-75.8500
-80.0350
-75.0530
-78.8310
-73.0620
-81.3220
-69.3280
-74.8090
-71.3290
-69.1440
-70.5780
-83.2620
-72.0830
-76.3130
-74.4590
-75.9840
-83.0170
-79.0280
-80.5340
-72.1620
-78.7700
-78.8060
-71.7800
-70.4460
-81.0480
-68.7720
-68.4600
-76.3790
-73.5020
-74.8660
-77.2520
-87.5930
-77.6040
-79.9430
-82.7640
-72.8590
-79.3260
-83.5580
-79.8250
-74.9450
-80.7560
-73.6960
-77.2560
-86.1250
-75.3090
-79.6860
-81.7770
-79.1770
-80.9220
-80.7630
-85.2000
-78.6430
-81.0830
-83.3640
-83.7490
-75.4340
-83.2980
-77.1410
-85.5790
-82.7580
-80.5230
-83.7610
-80.6510
-81.5850
-81.0410
-85.9800
-77.3610
-81.8800
-80.4170
-78.2790
-79.7640
-77.4860
-71.2620
-72.6690
-78.7860
-102.7690
-81.1010
-76.5050
-77.1190
-73.3680
-79.5350
-75.2930
-73.0620
-69.4810
-70.1270
-72.7760
-74.4670
-77.4460
-79.6550
-87.5100
-77.3790
-78.1360
-79.4150
-89.3610
-75.7270
-72.4890
-71.5120
-72.7750
-70.0030
-74.6340
-75.4850
-77.6440
-74.7130
-83.5190
-78.9190
-75.4400
-68.2880
-65.6350
-67.8680
-70.4390
-72.1090
-68.7080
-83.9890
-78.3130
-71.3880
-69.3220
-70.2220
-68.7880
-69.7270
-77.0070
-72.7960
-74.1050
-69.7470
-73.4150
-70.5070
-70.1740
-68.4600
-69.4540
-70.1990
-68.9870
-70.7230
-69.1120
-67.3420
-69.0720
-64.8890
-68.9070
-71.3700
-74.7270
-70.4690
-68.9340
-69.2710
-74.0380
-66.3100
-69.5490
-71.1370
-70.3690
-67.9450
-70.8660
-70.8300
-66.3250
-67.6910
-76.4520
-72.4720
-69.4570
-75.2280
-71.5730
-76.4330
-77.9570
-69.4960
-81.5020
-72.7810
-81.2230
-67.5480
-71.0590
-74.0430
-77.0150
-76.2700
-73.4300
-68.6820
-74.2170
-68.3780
-80.1700
-77.1230
-71.8270
-68.8890
-72.5370
-73.8900
-76.8730
-78.8540
-88.2350
-78.7180
-71.3810
-70.2380
-74.4690
-72.2750
-70.4280
-72.4010
-69.9530
-69.3890
-70.4060
-77.1250
-72.2490
-69.8430
-71.6290
-83.9840
-82.7270
-69.7710
-68.3630
-74.3940
-66.1870
-70.8450
-71.4690
-82.2440
-70.7290
-76.2260
-71.5140
-84.0620
-75.0020
-74.0140
-68.1760
-70.1120
-69.7450
-74.5130
-86.9540
-91.7490
-76.1810
-70.2630
-73.0790
-67.7310
-71.7440
-73.1040
-74.7180
-68.9100
-70.9920
-80.8920
-88.5860
-75.7260
-70.3490
-74.4800
-70.0060
-77.3860
-73.9360
-82.3890
-80.0830
-70.5750
-74.7280
-74.9660
-73.1660
-87.3260
-76.0550
-67.5610
-66.8520
-68.7990
-68.2900
-69.1140
-72.0960
-72.2470
-73.4490
-78.0910
-75.5970
-80.0680
-69.4260
-74.4190
-73.6100
-72.5330
-70.4280
-82.4270
-78.6780
-70.9470
-77.6810
-75.4660
-67.8920
-64.6230
-64.4560
-67.7790
-65.3790
-66.5090
-65.4460
-66.3270
-63.0570
-65.7450
-67.2000
-69.8740
-65.9720
-69.9260
-71.0350
-68.8210
-66.3390
-68.3530
-65.6150
-64.2910
-71.1030
-67.2970
-63.5060
-68.2960
-70.8820
-69.5580
-64.6380
-69.4590
-70.1640
-66.4500
-64.8820
-67.8060
-67.6060
-72.4220
-71.3390
-68.0170
-69.2050
-71.5590
-78.4830
-67.3170
-67.6230
-67.7400
-68.9150
-71.0060
-73.0920
-70.8710
-71.0130
-72.1510
-67.8010
-63.4760
-65.3270
-61.3120
-65.0490
-64.2320
-64.3810
-64.5890
-62.9660
-63.8260
-64.5710
-70.6670
-71.2730
-64.2140
-64.2300
-63.4670
-63.3250
-64.4850
-60.4010
-62.1870
-64.7200
-65.9040
-64.0710
-64.3850
-66.9520
-70.4410
-65.3600
-65.7220
-65.9640
-66.6510
-62.7930
-66.8540
-65.3610
-61.7090
-60.5140
-62.6390
-61.0640
-61.7320
-58.3800
-61.4010
-64.2420
-62.1600
-65.5140
-62.0470
-61.2670
-61.0980
-63.6680
-64.1600
-63.6940
-61.1000
-61.1990
-62.3740
-60.7810
-65.1460
-62.3130
-62.3450
-61.0220
-63.5620
-63.6020
-62.3060
-62.4650
-60.8030
-61.3730
-63.8080
-63.3160
-64.6950
-62.8900
-67.1750
-65.0290
-65.4740
-65.0940
-64.5170
-62.7700
-63.3070
-64.7240
-60.4470
-63.9210
-64.7760
-64.4890
-65.1530
-64.0860
-64.1330
-65.5880
-62.8790
-63.8210
-65.4170
-65.9070
-67.6650
-67.0440
-68.9450
-66.0940
-65.3380
-63.6070
-64.9220
-60.8170
-60.4010
-67.6400
-63.3140
-61.6630
-61.1270
-66.1870
-66.3970
-60.7390
-62.9080
-64.5300
-60.8410
-64.0820
-67.0330
-67.5410
-63.1620
-63.2040
-63.5060
-60.7760
-58.7840
-58.6050
-58.8290
-62.1700
-58.6260
-60.6620
-59.4340
